0 0.422266 0.343056 0.033594 0.055556
0 0.457422 0.342361 0.035156 0.054167
1 0.391797 0.340278 0.027344 0.044444
1 0.487109 0.339583 0.022656 0.045833
2 0.368359 0.345833 0.019531 0.044444
2 0.506641 0.343056 0.016406 0.036111
5 0.369922 0.473611 0.039844 0.038889
5 0.519141 0.472222 0.027344 0.041667
6 0.529687 0.435417 0.028125 0.037500
6 0.364453 0.436806 0.033594 0.037500
7 0.358203 0.406250 0.022656 0.026389
7 0.525000 0.396528 0.034375 0.045833
1 0.473438 0.569444 0.017188 0.025000
2 0.489063 0.560417 0.014063 0.023611
4 0.512891 0.505556 0.021094 0.027778
3 0.502734 0.535417 0.022656 0.029167
