0 0.456641 0.238889 0.019531 0.036111
0 0.453125 0.056944 0.028125 0.038889
0 0.476562 0.238194 0.020313 0.029167
1 0.496094 0.232639 0.018750 0.023611
1 0.438672 0.240278 0.016406 0.030556
1 0.430469 0.063194 0.023438 0.040278
2 0.411328 0.081250 0.017969 0.040278
2 0.512891 0.229861 0.016406 0.015278
2 0.423047 0.247222 0.014844 0.027778
3 0.406641 0.104167 0.028906 0.030556
4 0.401562 0.127083 0.028125 0.026389
5 0.396484 0.150694 0.033594 0.034722
6 0.390625 0.167361 0.029687 0.029167
3 0.410156 0.252083 0.010937 0.018056
