0 0.427344 0.620833 0.023438 0.038889
0 0.450391 0.620833 0.022656 0.036111
0 0.433203 0.456944 0.030469 0.058333
0 0.465234 0.456250 0.033594 0.054167
1 0.402734 0.450000 0.030469 0.047222
1 0.493750 0.447222 0.023438 0.041667
1 0.472656 0.615278 0.020313 0.033333
2 0.492188 0.606250 0.018750 0.037500
2 0.513672 0.440278 0.016406 0.030556
2 0.380078 0.446528 0.014844 0.034722
3 0.505078 0.574306 0.022656 0.040278
3 0.382812 0.566667 0.029687 0.027778
4 0.378125 0.533333 0.029687 0.033333
4 0.517188 0.539583 0.025000 0.031944
5 0.523828 0.502083 0.033594 0.051389
5 0.376953 0.496528 0.036719 0.045833
6 0.361719 0.462500 0.018750 0.038889
6 0.534766 0.463194 0.028906 0.045833
