0 0.425000 0.221528 0.040625 0.048611
0 0.464844 0.221528 0.039062 0.048611
0 0.432812 0.553472 0.026562 0.048611
0 0.458984 0.554167 0.024219 0.055556
1 0.483594 0.549306 0.023438 0.051389
1 0.408594 0.547917 0.021875 0.051389
1 0.498828 0.220139 0.028906 0.040278
1 0.389844 0.225000 0.032813 0.050000
2 0.365234 0.238194 0.019531 0.048611
2 0.516016 0.243750 0.021094 0.034722
2 0.505078 0.540278 0.019531 0.052778
2 0.388672 0.538194 0.019531 0.045833
3 0.378125 0.520139 0.029687 0.037500
3 0.350000 0.260417 0.014063 0.034722
3 0.520312 0.511806 0.028125 0.045833
4 0.530078 0.479167 0.027344 0.036111
4 0.370312 0.489583 0.029687 0.040278
5 0.534766 0.445139 0.035156 0.043056
5 0.368750 0.454861 0.039062 0.040278
6 0.361328 0.422222 0.036719 0.036111
6 0.543750 0.411111 0.034375 0.038889
7 0.533594 0.379861 0.037500 0.043056
7 0.351172 0.396528 0.027344 0.029167
