0 0.430078 0.620139 0.021094 0.037500
0 0.451562 0.622222 0.021875 0.036111
1 0.472656 0.616667 0.018750 0.036111
2 0.491797 0.605556 0.017969 0.036111
2 0.382422 0.445833 0.017969 0.030556
2 0.513672 0.437500 0.014844 0.030556
3 0.506250 0.574306 0.025000 0.043056
4 0.518359 0.540278 0.025781 0.030556
3 0.383203 0.567361 0.028906 0.031944
4 0.377344 0.535417 0.029687 0.034722
5 0.376953 0.494444 0.038281 0.044444
5 0.524609 0.502083 0.033594 0.048611
6 0.535547 0.460417 0.030469 0.040278
1 0.405469 0.447917 0.028125 0.045833
1 0.493359 0.444444 0.027344 0.050000
0 0.435547 0.454861 0.033594 0.062500
0 0.467187 0.451389 0.029687 0.061111
