0 0.416016 0.211806 0.041406 0.051389
0 0.456250 0.213194 0.039062 0.056944
0 0.426563 0.545833 0.025000 0.047222
0 0.452344 0.543750 0.026562 0.051389
1 0.477734 0.540278 0.022656 0.052778
1 0.403125 0.538889 0.021875 0.050000
1 0.489453 0.212500 0.027344 0.044444
1 0.381641 0.216667 0.032031 0.044444
2 0.358594 0.235417 0.020313 0.040278
2 0.509766 0.230556 0.017969 0.036111
2 0.499609 0.529861 0.021094 0.048611
2 0.383203 0.531250 0.019531 0.048611
3 0.369141 0.513194 0.030469 0.040278
3 0.510938 0.506944 0.031250 0.044444
4 0.523828 0.475694 0.028906 0.031944
4 0.365625 0.484028 0.032813 0.029167
5 0.364844 0.452083 0.042188 0.048611
5 0.528516 0.439583 0.035156 0.040278
6 0.536719 0.403472 0.029687 0.037500
6 0.354687 0.418750 0.037500 0.031944
7 0.348438 0.395139 0.025000 0.026389
7 0.526563 0.375694 0.034375 0.048611
