0 0.416016 0.211111 0.041406 0.052778
0 0.456250 0.211111 0.039062 0.058333
0 0.425781 0.545139 0.028125 0.048611
0 0.451562 0.542361 0.026562 0.054167
1 0.476562 0.540278 0.023438 0.061111
1 0.401172 0.538194 0.019531 0.051389
1 0.379297 0.216667 0.030469 0.047222
1 0.487500 0.212500 0.026562 0.047222
2 0.509375 0.230556 0.017188 0.036111
2 0.356641 0.230556 0.021094 0.036111
2 0.382031 0.529167 0.018750 0.047222
2 0.498047 0.526389 0.019531 0.058333
3 0.510938 0.506944 0.026562 0.052778
3 0.369531 0.510417 0.029687 0.037500
4 0.364844 0.481250 0.032813 0.034722
4 0.521094 0.470833 0.031250 0.036111
5 0.526953 0.434722 0.033594 0.036111
5 0.364063 0.447222 0.039062 0.038889
6 0.353906 0.415972 0.037500 0.031944
6 0.535547 0.400694 0.033594 0.031944
7 0.526953 0.372917 0.033594 0.043056
7 0.347656 0.392361 0.026562 0.029167
