0 0.465234 0.218750 0.039844 0.048611
0 0.425000 0.215972 0.040625 0.051389
0 0.433203 0.549306 0.025781 0.051389
0 0.459766 0.550000 0.027344 0.052778
1 0.485156 0.544444 0.023438 0.061111
1 0.408984 0.544444 0.022656 0.052778
1 0.498437 0.219444 0.026562 0.036111
1 0.389453 0.217361 0.030469 0.048611
2 0.506641 0.538194 0.019531 0.051389
2 0.388281 0.535417 0.018750 0.054167
2 0.361719 0.240278 0.023438 0.050000
2 0.514453 0.235417 0.025781 0.040278
2 0.519531 0.512500 0.032813 0.058333
3 0.376563 0.513194 0.032813 0.037500
4 0.370312 0.484028 0.031250 0.037500
3 0.531250 0.471528 0.032813 0.026389
4 0.535937 0.443750 0.037500 0.031944
5 0.367969 0.452778 0.043750 0.038889
5 0.539844 0.410417 0.035937 0.034722
6 0.359375 0.418056 0.037500 0.027778
6 0.536328 0.374306 0.039844 0.037500
7 0.351172 0.392361 0.025781 0.023611
