0 0.451172 0.636111 0.021094 0.027778
1 0.471875 0.630556 0.020313 0.027778
1 0.398438 0.455556 0.026562 0.041667
2 0.377734 0.450694 0.016406 0.029167
2 0.490234 0.618750 0.014844 0.026389
3 0.501953 0.586806 0.021094 0.037500
4 0.514062 0.552083 0.025000 0.031944
4 0.378906 0.546528 0.029687 0.031944
5 0.376953 0.506944 0.036719 0.047222
5 0.522266 0.511806 0.032031 0.051389
6 0.369922 0.466667 0.035156 0.033333
0 0.428125 0.463194 0.032813 0.054167
0 0.461719 0.456944 0.034375 0.055556
1 0.490625 0.450000 0.021875 0.044444
2 0.508203 0.448611 0.013281 0.022222
