0 0.452734 0.051389 0.033594 0.044444
0 0.483984 0.054861 0.030469 0.043056
0 0.451953 0.213889 0.022656 0.047222
0 0.474609 0.212500 0.022656 0.044444
1 0.496094 0.210417 0.020313 0.040278
1 0.431250 0.218750 0.018750 0.045833
1 0.425000 0.064583 0.025000 0.043056
1 0.510938 0.065278 0.023438 0.041667
2 0.515234 0.211111 0.016406 0.033333
2 0.412500 0.228472 0.017188 0.040278
2 0.404297 0.088194 0.017969 0.034722
2 0.523047 0.093056 0.021094 0.036111
3 0.528516 0.117361 0.028906 0.029167
3 0.398438 0.118750 0.029687 0.034722
3 0.398438 0.237500 0.014063 0.030556
3 0.530859 0.217361 0.014844 0.023611
4 0.527734 0.142361 0.030469 0.023611
4 0.528906 0.163194 0.032813 0.020833
