0 0.420312 0.206250 0.042188 0.037500
0 0.460547 0.213889 0.038281 0.052778
0 0.429297 0.541667 0.025781 0.041667
0 0.455078 0.540278 0.025781 0.041667
1 0.405469 0.537500 0.021875 0.047222
1 0.480078 0.538889 0.024219 0.052778
1 0.385937 0.219444 0.031250 0.047222
2 0.500781 0.530556 0.017188 0.047222
2 0.360938 0.237500 0.020313 0.058333
4 0.368359 0.481944 0.032031 0.027778
4 0.520312 0.471528 0.026562 0.023611
5 0.365234 0.447222 0.042969 0.038889
5 0.530469 0.436111 0.034375 0.041667
6 0.538672 0.399306 0.032031 0.031944
6 0.357422 0.414583 0.035156 0.026389
7 0.350391 0.388889 0.025781 0.030556
7 0.530078 0.370833 0.038281 0.041667
