0 0.415234 0.209722 0.042969 0.055556
0 0.455469 0.211806 0.037500 0.054167
0 0.424609 0.544444 0.025781 0.050000
0 0.451562 0.544444 0.026562 0.050000
1 0.476562 0.538889 0.023438 0.055556
1 0.401172 0.539583 0.021094 0.045833
1 0.486328 0.212500 0.024219 0.041667
1 0.379688 0.217361 0.029687 0.048611
2 0.498047 0.530556 0.017969 0.047222
2 0.380469 0.531944 0.020313 0.047222
2 0.506250 0.236111 0.021875 0.055556
2 0.356641 0.239583 0.021094 0.054167
3 0.511328 0.505556 0.032031 0.044444
3 0.367188 0.511806 0.032813 0.034722
4 0.365234 0.482639 0.033594 0.029167
4 0.521484 0.470833 0.030469 0.025000
5 0.362109 0.448611 0.044531 0.038889
5 0.530078 0.438889 0.041406 0.041667
6 0.353906 0.414583 0.042188 0.026389
6 0.535547 0.400694 0.030469 0.031944
7 0.348828 0.391667 0.027344 0.022222
7 0.531641 0.368056 0.035156 0.038889
