0 0.465625 0.217361 0.040625 0.051389
0 0.424609 0.214583 0.041406 0.051389
1 0.389844 0.218750 0.032813 0.045833
1 0.500391 0.215278 0.027344 0.038889
0 0.434375 0.546528 0.025000 0.054167
0 0.460938 0.547222 0.028125 0.052778
1 0.485547 0.541667 0.022656 0.058333
1 0.410156 0.544444 0.023438 0.052778
2 0.507031 0.535417 0.018750 0.059722
2 0.388672 0.533333 0.019531 0.055556
2 0.362500 0.238194 0.023438 0.045833
2 0.514844 0.242361 0.023438 0.043056
3 0.521094 0.509028 0.028125 0.059722
3 0.375781 0.512500 0.028125 0.036111
4 0.371094 0.488194 0.032813 0.037500
4 0.530859 0.476389 0.028906 0.033333
5 0.367969 0.452083 0.043750 0.043056
5 0.535156 0.443750 0.037500 0.040278
6 0.541406 0.404167 0.039062 0.041667
7 0.533984 0.368056 0.035156 0.033333
6 0.357812 0.418056 0.039062 0.033333
7 0.350391 0.389583 0.027344 0.023611
