0 0.460156 0.074306 0.031250 0.043056
0 0.489844 0.075694 0.028125 0.048611
0 0.457422 0.220139 0.022656 0.045833
0 0.480078 0.218056 0.021094 0.038889
1 0.500781 0.215972 0.018750 0.037500
1 0.435937 0.225000 0.020313 0.044444
1 0.432422 0.084028 0.025781 0.045833
1 0.515234 0.087500 0.022656 0.038889
2 0.526953 0.111111 0.021094 0.027778
2 0.518750 0.217361 0.017188 0.029167
2 0.411719 0.102083 0.015625 0.037500
2 0.418750 0.234028 0.017188 0.037500
3 0.406641 0.131944 0.027344 0.027778
3 0.532422 0.134028 0.030469 0.023611
3 0.534375 0.225694 0.012500 0.020833
3 0.404297 0.240972 0.011719 0.026389
4 0.394922 0.247917 0.008594 0.023611
4 0.532031 0.154167 0.028125 0.016667
4 0.402344 0.152083 0.029687 0.018056
5 0.531250 0.170833 0.029687 0.019444
