0 0.424219 0.211111 0.040625 0.050000
0 0.464062 0.212500 0.039062 0.055556
0 0.433594 0.539583 0.025000 0.040278
0 0.458594 0.540278 0.025000 0.044444
1 0.483203 0.538194 0.024219 0.048611
1 0.390234 0.218056 0.033594 0.047222
4 0.372266 0.476389 0.032031 0.033333
5 0.370703 0.445139 0.039844 0.034722
5 0.532031 0.436111 0.032813 0.038889
6 0.541797 0.399306 0.030469 0.037500
6 0.362500 0.414583 0.035937 0.031944
7 0.352734 0.388889 0.027344 0.030556
7 0.532031 0.369444 0.037500 0.038889
2 0.363672 0.235417 0.024219 0.054167
2 0.504297 0.530556 0.017969 0.044444
