0 0.456250 0.071528 0.031250 0.037500
0 0.486719 0.073611 0.029687 0.047222
0 0.453906 0.216667 0.021875 0.047222
0 0.476953 0.218056 0.021094 0.038889
1 0.498047 0.213889 0.019531 0.036111
1 0.511719 0.083333 0.020313 0.038889
1 0.433594 0.222917 0.018750 0.045833
1 0.428906 0.082639 0.025000 0.043056
2 0.526563 0.106944 0.020313 0.030556
2 0.516016 0.211806 0.016406 0.031944
2 0.416797 0.230556 0.016406 0.038889
2 0.408594 0.102083 0.015625 0.040278
3 0.403125 0.131944 0.026562 0.027778
3 0.530469 0.133333 0.029687 0.022222
3 0.532031 0.221528 0.014063 0.020833
3 0.401953 0.240278 0.013281 0.027778
4 0.392188 0.246528 0.009375 0.023611
4 0.529687 0.152778 0.029687 0.019444
4 0.398047 0.152083 0.028906 0.018056
5 0.529297 0.170833 0.030469 0.019444
