0 0.469531 0.420833 0.025000 0.063889
0 0.444922 0.422917 0.024219 0.056944
0 0.463281 0.472222 0.018750 0.036111
0 0.445312 0.469444 0.017188 0.033333
1 0.480469 0.467361 0.015625 0.040278
1 0.429297 0.467361 0.014844 0.037500
1 0.423047 0.422222 0.019531 0.052778
1 0.492188 0.417361 0.020313 0.054167
2 0.496484 0.461111 0.014844 0.030556
2 0.406641 0.411111 0.013281 0.052778
2 0.509375 0.409028 0.014063 0.051389
2 0.416016 0.456944 0.011719 0.038889
3 0.521094 0.400694 0.009375 0.045833
3 0.394922 0.408333 0.010156 0.044444
