0 0.460156 0.317361 0.021875 0.043056
0 0.481250 0.316667 0.021875 0.036111
0 0.455469 0.090972 0.029687 0.040278
0 0.485547 0.098611 0.030469 0.047222
1 0.511328 0.102778 0.021094 0.038889
1 0.429688 0.104167 0.021875 0.038889
1 0.440625 0.316667 0.017188 0.038889
1 0.501563 0.311806 0.018750 0.031944
2 0.518750 0.309722 0.015625 0.025000
2 0.423438 0.318056 0.017188 0.036111
2 0.525781 0.129861 0.021875 0.034722
2 0.411328 0.122917 0.014844 0.037500
3 0.533203 0.309722 0.013281 0.016667
3 0.408984 0.321528 0.013281 0.023611
3 0.406250 0.143750 0.025000 0.023611
3 0.529687 0.152083 0.028125 0.020833
4 0.401172 0.165278 0.027344 0.022222
5 0.396484 0.185417 0.030469 0.023611
6 0.391406 0.202778 0.028125 0.022222
