0 0.478516 0.265972 0.021094 0.037500
0 0.498437 0.268750 0.018750 0.034722
0 0.474609 0.064583 0.028906 0.043056
0 0.502734 0.068750 0.027344 0.048611
1 0.451172 0.072222 0.025781 0.047222
1 0.458984 0.268056 0.017969 0.030556
1 0.518359 0.265278 0.019531 0.033333
2 0.535547 0.261806 0.014844 0.020833
2 0.442578 0.270139 0.014844 0.026389
2 0.429688 0.087500 0.017188 0.041667
3 0.422656 0.113194 0.026562 0.034722
4 0.415234 0.132639 0.030469 0.023611
5 0.408984 0.150694 0.033594 0.034722
6 0.403125 0.169444 0.028125 0.025000
7 0.402344 0.193056 0.025000 0.019444
