0 0.427344 0.456250 0.032813 0.051389
0 0.460547 0.454167 0.033594 0.052778
0 0.428125 0.629861 0.018750 0.029167
0 0.448828 0.629167 0.022656 0.030556
1 0.470313 0.625694 0.020313 0.029167
1 0.396875 0.449306 0.028125 0.043056
1 0.489453 0.446528 0.024219 0.040278
2 0.487891 0.615278 0.014844 0.027778
2 0.375000 0.445139 0.015625 0.029167
2 0.507812 0.443750 0.012500 0.020833
3 0.500781 0.581250 0.020313 0.037500
4 0.514062 0.548611 0.025000 0.030556
3 0.383203 0.575000 0.032031 0.030556
4 0.378125 0.543056 0.029687 0.036111
5 0.521484 0.510417 0.033594 0.048611
5 0.376563 0.502778 0.037500 0.047222
6 0.368750 0.463889 0.034375 0.036111
6 0.528516 0.470139 0.024219 0.037500
