0 0.424219 0.212500 0.042188 0.050000
0 0.464844 0.214583 0.039062 0.056944
0 0.432812 0.542361 0.025000 0.045833
0 0.457813 0.542361 0.025000 0.048611
1 0.482812 0.539583 0.025000 0.054167
1 0.389844 0.218056 0.029687 0.050000
1 0.408984 0.533333 0.022656 0.038889
2 0.503906 0.528472 0.014063 0.040278
2 0.364063 0.234722 0.021875 0.058333
4 0.371094 0.484722 0.032813 0.033333
5 0.369141 0.447222 0.042969 0.041667
5 0.531641 0.437500 0.030469 0.038889
6 0.360156 0.413194 0.035937 0.029167
6 0.540234 0.399306 0.027344 0.037500
7 0.532422 0.373611 0.036719 0.047222
7 0.355859 0.389583 0.033594 0.026389
