0 0.469922 0.422222 0.025781 0.061111
0 0.445703 0.421528 0.022656 0.054167
0 0.463672 0.470833 0.017969 0.033333
0 0.446484 0.468056 0.017969 0.036111
1 0.480859 0.465972 0.016406 0.034722
1 0.430859 0.464583 0.013281 0.034722
1 0.492969 0.417361 0.020313 0.054167
1 0.424219 0.421528 0.020313 0.051389
2 0.417578 0.458333 0.013281 0.038889
2 0.497266 0.462500 0.016406 0.033333
2 0.510156 0.409722 0.014063 0.052778
2 0.407031 0.411111 0.014063 0.050000
3 0.395703 0.409028 0.010156 0.040278
3 0.521875 0.401389 0.009375 0.041667
