0 0.420703 0.209028 0.042969 0.054167
0 0.461719 0.211111 0.039062 0.063889
0 0.431250 0.540972 0.026562 0.043056
0 0.457422 0.542361 0.025781 0.043056
1 0.481250 0.539583 0.021875 0.048611
1 0.406250 0.539583 0.023438 0.048611
1 0.387891 0.218056 0.032031 0.052778
2 0.384375 0.527778 0.020313 0.044444
2 0.501563 0.534028 0.018750 0.059722
3 0.376563 0.502778 0.029687 0.019444
4 0.370312 0.482639 0.034375 0.026389
5 0.366797 0.449306 0.044531 0.043056
6 0.359375 0.415278 0.037500 0.030556
5 0.531641 0.435417 0.038281 0.043056
6 0.540234 0.397917 0.030469 0.031944
7 0.531250 0.374306 0.037500 0.045833
7 0.351953 0.388889 0.027344 0.027778
