0 0.423828 0.209028 0.041406 0.043056
0 0.463672 0.212500 0.036719 0.058333
0 0.432422 0.541667 0.025781 0.041667
0 0.458594 0.543056 0.026562 0.047222
1 0.483594 0.540278 0.023438 0.055556
1 0.390625 0.220139 0.032813 0.043056
2 0.503906 0.529167 0.015625 0.047222
2 0.363672 0.231944 0.019531 0.050000
4 0.372656 0.484028 0.034375 0.037500
5 0.368359 0.447917 0.044531 0.040278
5 0.530469 0.435417 0.034375 0.037500
6 0.360156 0.415972 0.037500 0.031944
6 0.540234 0.397917 0.032031 0.034722
7 0.533203 0.371528 0.036719 0.037500
7 0.352344 0.386111 0.026562 0.033333
