0 0.425781 0.207639 0.040625 0.048611
1 0.392188 0.215278 0.034375 0.052778
1 0.408203 0.534722 0.022656 0.044444
0 0.432812 0.537500 0.026562 0.047222
0 0.459375 0.538889 0.026562 0.041667
0 0.465625 0.209028 0.039062 0.059722
1 0.483984 0.532639 0.021094 0.043056
2 0.504687 0.527778 0.018750 0.050000
2 0.363672 0.229861 0.022656 0.056944
2 0.388281 0.526389 0.015625 0.050000
3 0.371875 0.513889 0.017188 0.044444
4 0.370703 0.479861 0.030469 0.026389
5 0.367969 0.447222 0.043750 0.041667
6 0.542188 0.396528 0.029687 0.031944
6 0.361328 0.414583 0.039844 0.026389
7 0.353906 0.388194 0.029687 0.023611
7 0.533203 0.376389 0.039844 0.055556
