0 0.454688 0.213194 0.039062 0.051389
0 0.414453 0.212500 0.041406 0.052778
0 0.425391 0.543750 0.025781 0.045833
0 0.451562 0.544444 0.026562 0.047222
1 0.476172 0.536111 0.022656 0.047222
1 0.401172 0.539583 0.022656 0.048611
1 0.487109 0.215278 0.025781 0.041667
1 0.380469 0.218056 0.028125 0.050000
2 0.497656 0.533333 0.018750 0.052778
2 0.381641 0.531250 0.016406 0.045833
2 0.507031 0.239583 0.020313 0.048611
2 0.356641 0.238194 0.021094 0.045833
3 0.512500 0.504861 0.029687 0.048611
3 0.369531 0.511806 0.032813 0.034722
4 0.523047 0.472917 0.028906 0.031944
4 0.364063 0.484722 0.032813 0.033333
5 0.526953 0.439583 0.033594 0.037500
5 0.361328 0.449306 0.046094 0.040278
6 0.355469 0.415972 0.040625 0.026389
6 0.534766 0.402083 0.033594 0.031944
7 0.347656 0.391667 0.029687 0.025000
7 0.529687 0.370139 0.037500 0.037500
