0 0.426953 0.454167 0.033594 0.055556
0 0.460547 0.454167 0.033594 0.055556
0 0.426172 0.628472 0.022656 0.034722
0 0.448437 0.630556 0.021875 0.030556
1 0.469922 0.626389 0.021094 0.030556
1 0.396875 0.448611 0.026562 0.041667
1 0.489063 0.444444 0.023438 0.036111
2 0.507031 0.443750 0.012500 0.018056
2 0.375000 0.444444 0.017188 0.030556
2 0.487109 0.613889 0.013281 0.027778
3 0.502734 0.581944 0.024219 0.036111
3 0.380859 0.575694 0.028906 0.031944
4 0.512109 0.548611 0.022656 0.030556
4 0.376563 0.542361 0.029687 0.034722
5 0.520312 0.509028 0.032813 0.048611
5 0.375000 0.501389 0.037500 0.047222
6 0.368359 0.463889 0.035156 0.036111
6 0.528516 0.468056 0.024219 0.036111
