0 0.428125 0.626389 0.020313 0.033333
0 0.450391 0.625694 0.024219 0.029167
1 0.472266 0.622222 0.019531 0.033333
1 0.401172 0.454861 0.028906 0.040278
2 0.378516 0.449306 0.016406 0.029167
2 0.490625 0.608333 0.014063 0.025000
3 0.503125 0.577083 0.020313 0.037500
3 0.382031 0.570139 0.028125 0.026389
4 0.378125 0.539583 0.026562 0.034722
4 0.513672 0.545139 0.022656 0.031944
5 0.523828 0.506944 0.030469 0.050000
5 0.377344 0.500000 0.037500 0.050000
6 0.532422 0.465972 0.025781 0.045833
6 0.370312 0.462500 0.032813 0.038889
0 0.432422 0.461111 0.032031 0.055556
0 0.464844 0.459722 0.031250 0.052778
1 0.492578 0.449306 0.024219 0.045833
2 0.512891 0.445139 0.014844 0.026389
