0 0.460938 0.255556 0.020313 0.033333
0 0.480469 0.254861 0.018750 0.029167
0 0.457031 0.072222 0.025000 0.044444
1 0.433203 0.081944 0.022656 0.041667
1 0.498828 0.251389 0.019531 0.027778
1 0.441797 0.260417 0.017969 0.031944
2 0.413672 0.093750 0.016406 0.043056
2 0.516797 0.249306 0.014844 0.018056
2 0.425000 0.264583 0.015625 0.029167
3 0.411328 0.268750 0.011719 0.018056
3 0.408594 0.120139 0.026562 0.029167
4 0.405469 0.140278 0.031250 0.019444
5 0.400781 0.157639 0.034375 0.018056
6 0.396875 0.169444 0.034375 0.022222
7 0.393359 0.186806 0.033594 0.012500
5 0.526563 0.130556 0.028125 0.036111
6 0.525391 0.163194 0.030469 0.029167
7 0.537109 0.181250 0.028906 0.026389
