0 0.453125 0.213889 0.042188 0.055556
0 0.412109 0.211111 0.039844 0.052778
0 0.424609 0.544444 0.025781 0.050000
0 0.450391 0.544444 0.025781 0.050000
1 0.400000 0.540972 0.023438 0.048611
1 0.487109 0.214583 0.024219 0.043056
1 0.379297 0.218750 0.030469 0.048611
2 0.380469 0.534028 0.015625 0.051389
2 0.505078 0.238889 0.025781 0.050000
2 0.353906 0.244444 0.023438 0.058333
2 0.368750 0.510417 0.029687 0.034722
4 0.364453 0.479861 0.033594 0.029167
5 0.361719 0.444444 0.043750 0.041667
6 0.355469 0.412500 0.042188 0.027778
7 0.346484 0.389583 0.028906 0.023611
7 0.520312 0.375694 0.028125 0.043056
