0 0.435937 0.605556 0.021875 0.041667
0 0.458594 0.609028 0.021875 0.043056
1 0.480469 0.603472 0.021875 0.043056
1 0.414062 0.596528 0.020313 0.045833
0 0.438672 0.425000 0.033594 0.055556
0 0.472266 0.422222 0.033594 0.061111
1 0.407813 0.421528 0.028125 0.045833
1 0.500781 0.415972 0.023438 0.043056
2 0.500000 0.593056 0.017188 0.044444
2 0.400000 0.581944 0.017188 0.047222
2 0.519922 0.413194 0.016406 0.029167
2 0.385937 0.420833 0.017188 0.033333
3 0.387500 0.559028 0.029687 0.045833
3 0.515234 0.560417 0.025781 0.048611
4 0.526953 0.525694 0.027344 0.037500
4 0.383984 0.520833 0.030469 0.036111
5 0.382422 0.479167 0.039844 0.047222
5 0.532813 0.484722 0.034375 0.047222
6 0.542578 0.445833 0.028906 0.041667
6 0.376563 0.440278 0.039062 0.036111
