0 0.454688 0.072917 0.026562 0.043056
0 0.481250 0.072222 0.026562 0.044444
0 0.458594 0.259028 0.020313 0.034722
0 0.478125 0.259028 0.018750 0.029167
1 0.496875 0.254861 0.018750 0.026389
1 0.439453 0.261806 0.017969 0.031944
1 0.431250 0.079167 0.021875 0.047222
2 0.412891 0.096528 0.016406 0.040278
2 0.514844 0.252083 0.015625 0.018056
2 0.423047 0.265278 0.016406 0.027778
3 0.405859 0.118750 0.027344 0.034722
4 0.402734 0.143056 0.025781 0.025000
3 0.524609 0.134028 0.027344 0.037500
4 0.524219 0.159028 0.028125 0.023611
5 0.397266 0.157639 0.033594 0.026389
5 0.528516 0.178472 0.033594 0.018056
6 0.391016 0.180556 0.030469 0.025000
