0 0.428906 0.618750 0.021875 0.034722
0 0.451562 0.620833 0.023438 0.036111
1 0.473438 0.619444 0.020313 0.038889
2 0.380859 0.445833 0.017969 0.033333
2 0.513281 0.436806 0.017188 0.031944
2 0.492969 0.609722 0.017188 0.044444
3 0.506250 0.571528 0.023438 0.037500
3 0.383203 0.567361 0.028906 0.029167
4 0.378516 0.534028 0.027344 0.034722
4 0.519141 0.541667 0.028906 0.036111
5 0.525391 0.502083 0.035156 0.048611
5 0.378516 0.493750 0.036719 0.045833
6 0.537109 0.463194 0.032031 0.045833
1 0.405469 0.447917 0.029687 0.048611
1 0.491406 0.440972 0.028125 0.048611
0 0.435937 0.454167 0.029687 0.058333
0 0.464062 0.454167 0.026562 0.058333
