0 0.458984 0.258333 0.021094 0.038889
0 0.479297 0.260417 0.019531 0.031944
0 0.455859 0.072917 0.028906 0.043056
0 0.483203 0.072917 0.025781 0.048611
1 0.430469 0.081944 0.021875 0.044444
1 0.440234 0.261806 0.016406 0.034722
1 0.497656 0.254861 0.017188 0.029167
2 0.515625 0.254167 0.015625 0.019444
2 0.425000 0.264583 0.015625 0.026389
2 0.412891 0.095833 0.016406 0.041667
3 0.407813 0.122917 0.028125 0.034722
3 0.411328 0.270833 0.011719 0.019444
4 0.399609 0.151389 0.032031 0.036111
5 0.391797 0.173611 0.033594 0.036111
3 0.525000 0.134028 0.026562 0.034722
4 0.524609 0.159722 0.030469 0.025000
5 0.528906 0.177778 0.034375 0.019444
