0 0.465234 0.217361 0.039844 0.051389
0 0.425000 0.215972 0.040625 0.045833
0 0.433984 0.550000 0.024219 0.047222
0 0.459375 0.551389 0.025000 0.052778
1 0.484375 0.543750 0.025000 0.054167
1 0.410156 0.543750 0.023438 0.051389
1 0.498828 0.220139 0.027344 0.037500
1 0.389844 0.218750 0.029687 0.051389
2 0.514453 0.240972 0.024219 0.040278
2 0.364844 0.239583 0.020313 0.045833
2 0.506641 0.537500 0.019531 0.052778
2 0.389453 0.535417 0.017969 0.051389
3 0.520703 0.511111 0.027344 0.058333
3 0.376953 0.515278 0.030469 0.038889
4 0.372266 0.481944 0.033594 0.027778
4 0.532031 0.473611 0.032813 0.022222
5 0.536719 0.442361 0.035937 0.037500
5 0.368359 0.450694 0.044531 0.037500
6 0.359766 0.418056 0.039844 0.025000
6 0.542578 0.408333 0.032031 0.033333
7 0.351562 0.392361 0.023438 0.023611
7 0.535156 0.374306 0.034375 0.037500
