0 0.460547 0.081250 0.027344 0.029167
0 0.489063 0.082639 0.029687 0.031944
0 0.467969 0.362500 0.021875 0.041667
0 0.488672 0.361111 0.019531 0.033333
1 0.508594 0.359028 0.018750 0.034722
1 0.448047 0.361806 0.017969 0.040278
1 0.435547 0.084722 0.022656 0.033333
1 0.514453 0.088194 0.019531 0.034722
2 0.527344 0.118056 0.018750 0.025000
2 0.525391 0.357639 0.017969 0.031944
2 0.431250 0.359028 0.015625 0.034722
3 0.540234 0.350000 0.011719 0.027778
3 0.416406 0.358333 0.014063 0.022222
2 0.417187 0.102778 0.018750 0.033333
3 0.408984 0.125694 0.021094 0.020833
4 0.403516 0.143750 0.021094 0.020833
5 0.401953 0.165278 0.024219 0.025000
6 0.396875 0.186111 0.025000 0.022222
7 0.396094 0.203472 0.017188 0.015278
7 0.398438 0.312500 0.018750 0.011111
7 0.544531 0.298611 0.028125 0.019444
