0 0.436719 0.604167 0.021875 0.044444
0 0.459375 0.606944 0.023438 0.041667
0 0.438672 0.423611 0.033594 0.058333
0 0.471875 0.421528 0.032813 0.062500
1 0.481641 0.604167 0.021094 0.044444
1 0.414844 0.597222 0.021875 0.050000
1 0.408203 0.419444 0.027344 0.047222
1 0.500391 0.413889 0.024219 0.044444
2 0.501172 0.592361 0.016406 0.045833
2 0.398828 0.579861 0.016406 0.048611
2 0.385937 0.415278 0.018750 0.033333
2 0.519922 0.408333 0.014844 0.027778
3 0.389062 0.556250 0.032813 0.045833
3 0.514453 0.562500 0.027344 0.050000
4 0.526953 0.526389 0.030469 0.041667
4 0.383984 0.518750 0.032031 0.040278
5 0.382031 0.479861 0.042188 0.045833
5 0.532813 0.486111 0.034375 0.044444
6 0.542578 0.445139 0.032031 0.045833
6 0.375391 0.440972 0.038281 0.040278
