0 0.457031 0.066667 0.031250 0.041667
0 0.486719 0.070139 0.029687 0.045833
0 0.453516 0.209722 0.021094 0.047222
0 0.476953 0.209028 0.022656 0.040278
1 0.498437 0.204861 0.020313 0.037500
1 0.433594 0.218056 0.018750 0.047222
1 0.429688 0.081944 0.026562 0.041667
1 0.512109 0.078472 0.021094 0.040278
2 0.525000 0.104861 0.020313 0.026389
2 0.516797 0.204167 0.016406 0.033333
2 0.416016 0.226389 0.016406 0.041667
2 0.408594 0.100000 0.017188 0.033333
3 0.403516 0.129167 0.024219 0.027778
3 0.529687 0.129861 0.028125 0.020833
3 0.532031 0.215972 0.012500 0.020833
3 0.401172 0.235417 0.013281 0.031944
4 0.530859 0.148611 0.027344 0.016667
5 0.528516 0.163194 0.030469 0.018056
4 0.391406 0.241667 0.006250 0.022222
