0 0.454297 0.093750 0.028906 0.040278
0 0.483203 0.097917 0.028906 0.048611
0 0.457422 0.318750 0.019531 0.037500
0 0.477734 0.319444 0.021094 0.036111
1 0.497656 0.315278 0.017188 0.033333
1 0.438281 0.318750 0.017188 0.031944
1 0.428906 0.105556 0.021875 0.041667
1 0.507812 0.109722 0.018750 0.044444
2 0.409766 0.128472 0.017969 0.051389
2 0.514453 0.311111 0.016406 0.025000
2 0.422266 0.319444 0.014844 0.033333
4 0.400781 0.163889 0.029687 0.027778
5 0.397266 0.185417 0.028906 0.026389
6 0.396484 0.207639 0.024219 0.020833
3 0.525391 0.145139 0.025781 0.023611
4 0.526563 0.164583 0.028125 0.015278
5 0.529687 0.185417 0.035937 0.020833
