0 0.456641 0.069444 0.032031 0.041667
0 0.487891 0.070139 0.030469 0.048611
0 0.453516 0.213889 0.021094 0.047222
0 0.476562 0.211111 0.021875 0.041667
1 0.498047 0.207639 0.019531 0.040278
1 0.433203 0.219444 0.017969 0.044444
1 0.428906 0.079167 0.025000 0.044444
1 0.512891 0.081250 0.019531 0.037500
2 0.525781 0.104861 0.017188 0.026389
2 0.516016 0.207639 0.016406 0.031944
2 0.416016 0.226389 0.016406 0.038889
2 0.407422 0.097917 0.016406 0.043056
3 0.401953 0.129861 0.024219 0.029167
3 0.529687 0.127778 0.028125 0.025000
3 0.532031 0.216667 0.014063 0.019444
3 0.401953 0.235417 0.013281 0.026389
4 0.397656 0.150694 0.026562 0.020833
4 0.530078 0.150694 0.028906 0.018056
4 0.391406 0.241667 0.007812 0.022222
5 0.528125 0.168056 0.029687 0.019444
