0 0.426953 0.450000 0.032031 0.055556
0 0.459766 0.447222 0.033594 0.055556
0 0.448828 0.626389 0.021094 0.027778
0 0.430078 0.625000 0.016406 0.027778
1 0.470313 0.622222 0.021875 0.030556
1 0.396875 0.445139 0.028125 0.043056
1 0.488281 0.441667 0.023438 0.041667
2 0.488281 0.611111 0.014063 0.030556
2 0.375000 0.440972 0.015625 0.029167
2 0.506641 0.440278 0.013281 0.025000
4 0.376172 0.541667 0.028906 0.036111
3 0.501953 0.579167 0.024219 0.033333
4 0.513281 0.547917 0.023438 0.029167
5 0.521484 0.510417 0.033594 0.048611
5 0.376172 0.502083 0.038281 0.045833
6 0.367969 0.461806 0.034375 0.034722
