0 0.424219 0.206250 0.040625 0.051389
0 0.464844 0.208333 0.039062 0.066667
0 0.434766 0.540278 0.027344 0.047222
0 0.460156 0.542361 0.025000 0.048611
1 0.409375 0.539583 0.023438 0.054167
1 0.485156 0.539583 0.023438 0.054167
1 0.391016 0.212500 0.030469 0.055556
2 0.389062 0.525694 0.017188 0.045833
2 0.506250 0.527083 0.017188 0.048611
2 0.365625 0.235417 0.021875 0.062500
3 0.376953 0.506944 0.027344 0.030556
4 0.370312 0.483333 0.032813 0.033333
5 0.367969 0.447917 0.045312 0.040278
3 0.516406 0.490972 0.025000 0.020833
3 0.529687 0.443750 0.031250 0.029167
5 0.535937 0.422917 0.031250 0.020833
6 0.358984 0.414583 0.039844 0.031944
6 0.542188 0.397917 0.032813 0.029167
7 0.532813 0.367361 0.039062 0.037500
7 0.355469 0.387500 0.032813 0.030556
