0 0.425781 0.215972 0.042188 0.051389
0 0.466406 0.220139 0.039062 0.051389
0 0.434375 0.550000 0.025000 0.047222
0 0.459375 0.550000 0.025000 0.052778
1 0.484375 0.545139 0.025000 0.051389
1 0.410156 0.540972 0.023438 0.048611
1 0.390625 0.222222 0.031250 0.050000
1 0.499609 0.220139 0.027344 0.043056
2 0.365625 0.236806 0.018750 0.048611
2 0.519141 0.238889 0.016406 0.030556
2 0.507031 0.538194 0.018750 0.045833
2 0.389453 0.535417 0.019531 0.045833
3 0.377734 0.515278 0.027344 0.036111
3 0.521094 0.512500 0.028125 0.050000
4 0.529687 0.480556 0.029687 0.038889
4 0.370703 0.486806 0.030469 0.034722
5 0.369922 0.454861 0.041406 0.040278
5 0.535156 0.444444 0.037500 0.036111
6 0.543359 0.409722 0.033594 0.036111
6 0.362109 0.421528 0.039844 0.034722
7 0.352734 0.397222 0.027344 0.025000
7 0.532813 0.376389 0.037500 0.041667
