0 0.421094 0.208333 0.040625 0.058333
0 0.460156 0.209028 0.039062 0.073611
0 0.430078 0.541667 0.027344 0.047222
0 0.455859 0.544444 0.024219 0.050000
1 0.480469 0.538889 0.023438 0.052778
1 0.404297 0.539583 0.022656 0.051389
1 0.386328 0.215972 0.032031 0.051389
2 0.501953 0.528472 0.019531 0.056944
2 0.361719 0.235417 0.018750 0.062500
4 0.367969 0.479167 0.032813 0.038889
4 0.520703 0.470139 0.027344 0.023611
5 0.530078 0.436806 0.035156 0.043056
5 0.364453 0.444444 0.044531 0.036111
6 0.539062 0.399306 0.032813 0.031944
6 0.357422 0.414583 0.036719 0.034722
7 0.349609 0.389583 0.025781 0.031944
7 0.530469 0.372222 0.037500 0.050000
