0 0.467969 0.360417 0.020313 0.040278
0 0.489063 0.362500 0.021875 0.036111
0 0.460156 0.078472 0.029687 0.026389
0 0.490625 0.081944 0.029687 0.036111
1 0.432812 0.084722 0.026562 0.030556
1 0.515234 0.088889 0.019531 0.027778
1 0.449219 0.361806 0.017188 0.037500
1 0.509375 0.358333 0.017188 0.033333
2 0.526953 0.355556 0.016406 0.030556
2 0.432812 0.361111 0.015625 0.033333
3 0.542188 0.348611 0.014063 0.027778
3 0.419531 0.356250 0.010937 0.023611
2 0.526563 0.116667 0.018750 0.025000
2 0.416797 0.106250 0.016406 0.031944
3 0.410938 0.129167 0.020313 0.022222
4 0.405859 0.148611 0.024219 0.025000
5 0.401562 0.166667 0.023438 0.025000
6 0.396484 0.186806 0.022656 0.023611
7 0.398438 0.310417 0.020313 0.020833
7 0.545312 0.301389 0.028125 0.030556
6 0.546094 0.327083 0.023438 0.018056
