0 0.421875 0.347222 0.035937 0.061111
0 0.456250 0.345833 0.032813 0.063889
1 0.390234 0.346528 0.027344 0.051389
1 0.485938 0.343750 0.025000 0.048611
2 0.367578 0.350694 0.017969 0.043056
2 0.506250 0.347917 0.015625 0.031944
5 0.371094 0.475000 0.039062 0.044444
5 0.519922 0.472222 0.030469 0.041667
6 0.530078 0.434722 0.027344 0.036111
6 0.366016 0.436806 0.035156 0.034722
7 0.358594 0.408333 0.023438 0.025000
7 0.525000 0.398611 0.034375 0.050000
1 0.469531 0.577778 0.021875 0.036111
2 0.488672 0.565278 0.014844 0.027778
3 0.501953 0.537500 0.022656 0.030556
4 0.514062 0.506250 0.026562 0.029167
