0 0.426172 0.448611 0.032031 0.055556
0 0.458594 0.447917 0.032813 0.054167
1 0.396094 0.443056 0.028125 0.044444
1 0.487500 0.441667 0.025000 0.041667
1 0.469531 0.621528 0.018750 0.029167
0 0.450000 0.627083 0.020313 0.031944
2 0.487500 0.610417 0.017188 0.029167
2 0.375391 0.438889 0.014844 0.030556
2 0.506641 0.437500 0.013281 0.022222
4 0.376563 0.538889 0.031250 0.030556
5 0.373437 0.502778 0.040625 0.047222
5 0.521875 0.506944 0.032813 0.044444
6 0.368359 0.463194 0.035156 0.040278
6 0.527344 0.468056 0.023438 0.038889
3 0.500391 0.576389 0.022656 0.033333
4 0.514844 0.545833 0.028125 0.030556
