0 0.469922 0.354167 0.021094 0.033333
0 0.490625 0.354861 0.020313 0.029167
0 0.462500 0.075000 0.026562 0.025000
0 0.490625 0.075000 0.029687 0.030556
1 0.435156 0.081944 0.026562 0.030556
1 0.516016 0.083333 0.021094 0.030556
1 0.450391 0.356250 0.017969 0.034722
1 0.510547 0.351389 0.017969 0.033333
2 0.528125 0.350694 0.017188 0.034722
2 0.433984 0.353472 0.014844 0.029167
2 0.529687 0.111806 0.015625 0.023611
7 0.400000 0.306944 0.017188 0.013889
7 0.547266 0.295139 0.027344 0.023611
7 0.396484 0.197917 0.024219 0.020833
3 0.410938 0.120833 0.025000 0.027778
4 0.405078 0.145139 0.025781 0.018056
5 0.403516 0.163889 0.025781 0.019444
6 0.399609 0.178472 0.027344 0.018056
