0 0.453906 0.320139 0.020313 0.037500
0 0.474219 0.318750 0.020313 0.034722
0 0.451562 0.095139 0.029687 0.040278
0 0.480078 0.097222 0.027344 0.044444
1 0.493359 0.315972 0.017969 0.031944
1 0.435547 0.320833 0.016406 0.033333
1 0.426953 0.104167 0.021094 0.041667
1 0.505469 0.104167 0.021875 0.038889
2 0.510938 0.311806 0.017188 0.026389
2 0.419922 0.321528 0.014844 0.031944
2 0.518359 0.129167 0.021094 0.030556
2 0.407422 0.122917 0.016406 0.037500
3 0.402734 0.144444 0.025781 0.027778
4 0.398828 0.162500 0.027344 0.022222
5 0.398047 0.183333 0.028906 0.022222
6 0.391797 0.195139 0.028906 0.018056
7 0.396484 0.214583 0.019531 0.018056
3 0.522656 0.150000 0.026562 0.019444
4 0.526172 0.167361 0.028906 0.015278
5 0.524609 0.184028 0.027344 0.018056
6 0.533984 0.206250 0.027344 0.018056
3 0.525000 0.311806 0.010937 0.018056
3 0.406641 0.322222 0.011719 0.022222
