0 0.424219 0.381944 0.034375 0.069444
0 0.458203 0.382639 0.033594 0.068056
1 0.487500 0.377083 0.025000 0.048611
1 0.394141 0.378472 0.025781 0.056944
2 0.372266 0.378472 0.017969 0.043056
2 0.507422 0.378472 0.014844 0.031944
5 0.371875 0.484028 0.040625 0.043056
5 0.521484 0.486806 0.033594 0.048611
6 0.529687 0.447222 0.028125 0.036111
6 0.367188 0.447222 0.034375 0.036111
7 0.360156 0.417361 0.021875 0.026389
7 0.523438 0.411111 0.029687 0.050000
1 0.470703 0.593056 0.019531 0.030556
2 0.488281 0.583333 0.015625 0.025000
3 0.501563 0.552083 0.021875 0.037500
4 0.512891 0.523611 0.024219 0.027778
