0 0.465234 0.217361 0.039844 0.051389
0 0.424219 0.215278 0.042188 0.050000
0 0.433594 0.550000 0.026562 0.052778
0 0.460156 0.552083 0.026562 0.054167
1 0.485156 0.545139 0.023438 0.056944
1 0.408984 0.543750 0.022656 0.051389
1 0.391406 0.218056 0.029687 0.050000
1 0.499609 0.218056 0.030469 0.038889
2 0.514844 0.240278 0.026562 0.041667
2 0.365234 0.241667 0.022656 0.050000
2 0.506250 0.537500 0.018750 0.052778
2 0.387891 0.533333 0.019531 0.052778
3 0.377344 0.514583 0.026562 0.034722
3 0.520703 0.509722 0.027344 0.052778
4 0.530469 0.476389 0.028125 0.033333
4 0.370312 0.488194 0.029687 0.043056
5 0.367969 0.449306 0.043750 0.037500
5 0.534766 0.442361 0.035156 0.034722
6 0.543750 0.404861 0.034375 0.034722
6 0.358984 0.418750 0.039844 0.029167
7 0.351953 0.395139 0.024219 0.018056
7 0.536328 0.367361 0.036719 0.040278
