0 0.457422 0.061111 0.030469 0.044444
0 0.487109 0.065972 0.030469 0.048611
0 0.454688 0.211111 0.021875 0.047222
0 0.476953 0.207639 0.022656 0.040278
1 0.499219 0.206250 0.020313 0.043056
1 0.433984 0.218750 0.019531 0.048611
1 0.428906 0.071528 0.026562 0.048611
1 0.513672 0.079167 0.021094 0.044444
2 0.523047 0.104167 0.024219 0.025000
2 0.517578 0.204861 0.016406 0.031944
2 0.408594 0.094444 0.017188 0.030556
2 0.416406 0.225694 0.017188 0.040278
3 0.401562 0.234722 0.014063 0.027778
3 0.533203 0.215278 0.014844 0.022222
3 0.530859 0.122917 0.028906 0.023611
3 0.401953 0.122917 0.027344 0.031944
4 0.390234 0.238889 0.008594 0.019444
4 0.530469 0.145139 0.029687 0.018056
5 0.529297 0.163889 0.032031 0.019444
