0 0.460938 0.248611 0.020313 0.036111
0 0.480469 0.248611 0.018750 0.030556
0 0.457422 0.061806 0.027344 0.040278
1 0.434766 0.072917 0.025781 0.040278
1 0.499219 0.244444 0.018750 0.025000
1 0.441797 0.250694 0.017969 0.031944
2 0.425391 0.255556 0.014844 0.027778
2 0.516406 0.240972 0.015625 0.018056
2 0.414062 0.088194 0.015625 0.037500
3 0.408594 0.115278 0.026562 0.030556
4 0.403125 0.134028 0.026562 0.023611
5 0.399609 0.151389 0.032031 0.022222
6 0.394141 0.170139 0.032031 0.031944
3 0.412109 0.261111 0.011719 0.016667
