0 0.426172 0.448611 0.030469 0.052778
0 0.458594 0.447917 0.034375 0.048611
1 0.488281 0.441667 0.025000 0.036111
1 0.396875 0.440972 0.028125 0.045833
2 0.375000 0.438889 0.015625 0.030556
2 0.486719 0.609722 0.015625 0.025000
1 0.469141 0.619444 0.019531 0.027778
0 0.451562 0.625694 0.017188 0.031944
5 0.374219 0.500694 0.039062 0.048611
5 0.519141 0.506944 0.032031 0.047222
6 0.368359 0.463889 0.032031 0.036111
6 0.527734 0.475000 0.024219 0.030556
3 0.500781 0.578472 0.025000 0.034722
4 0.513281 0.545833 0.029687 0.033333
