0 0.421484 0.200000 0.041406 0.038889
1 0.389062 0.210417 0.034375 0.048611
2 0.362109 0.231944 0.021094 0.055556
4 0.368750 0.478472 0.032813 0.034722
5 0.366406 0.443750 0.043750 0.037500
6 0.359766 0.412500 0.038281 0.030556
7 0.352734 0.384028 0.028906 0.026389
7 0.533203 0.369444 0.036719 0.044444
7 0.540625 0.395833 0.032813 0.030556
5 0.531250 0.434028 0.034375 0.040278
4 0.523828 0.465278 0.027344 0.025000
3 0.514062 0.495833 0.029687 0.033333
2 0.503906 0.525000 0.017188 0.038889
1 0.482422 0.532639 0.025781 0.045833
0 0.457031 0.536806 0.025000 0.043056
