0 0.424219 0.209028 0.040625 0.045833
0 0.463672 0.209722 0.038281 0.052778
0 0.433203 0.538194 0.025781 0.037500
0 0.458984 0.537500 0.025781 0.038889
1 0.483984 0.536111 0.024219 0.047222
1 0.390625 0.218056 0.031250 0.050000
5 0.370703 0.446528 0.039844 0.037500
5 0.530078 0.434028 0.030469 0.043056
6 0.541797 0.398611 0.030469 0.030556
6 0.361328 0.413889 0.035156 0.027778
7 0.354687 0.387500 0.025000 0.027778
7 0.533984 0.368750 0.036719 0.043056
2 0.365625 0.233333 0.020313 0.050000
2 0.505078 0.527083 0.017969 0.043056
