0 0.455469 0.092361 0.029687 0.037500
0 0.485156 0.094444 0.029687 0.044444
0 0.461328 0.337500 0.021094 0.044444
0 0.482422 0.337500 0.021094 0.041667
1 0.441797 0.336111 0.016406 0.047222
1 0.502344 0.333333 0.018750 0.041667
1 0.428125 0.100694 0.023438 0.040278
1 0.511328 0.100694 0.021094 0.037500
2 0.526172 0.129167 0.021094 0.036111
2 0.410547 0.129167 0.019531 0.058333
2 0.519531 0.331944 0.014063 0.030556
2 0.425000 0.334722 0.017188 0.036111
3 0.409766 0.332639 0.013281 0.026389
3 0.533203 0.323611 0.011719 0.027778
6 0.537891 0.203472 0.032031 0.031944
5 0.532031 0.173611 0.034375 0.027778
6 0.391797 0.202083 0.025781 0.029167
5 0.397266 0.177083 0.027344 0.037500
