0 0.457813 0.259028 0.021875 0.037500
0 0.455859 0.071528 0.027344 0.040278
0 0.482031 0.073611 0.025000 0.044444
0 0.478516 0.260417 0.019531 0.034722
1 0.439453 0.262500 0.014844 0.033333
1 0.497266 0.255556 0.016406 0.030556
1 0.431250 0.079167 0.021875 0.044444
2 0.412891 0.095833 0.016406 0.038889
2 0.423828 0.266667 0.016406 0.027778
2 0.513672 0.253472 0.014844 0.020833
3 0.407031 0.120139 0.028125 0.031944
4 0.400391 0.142361 0.030469 0.023611
5 0.398047 0.156944 0.032031 0.022222
6 0.393359 0.172222 0.033594 0.022222
3 0.409766 0.270833 0.011719 0.019444
3 0.525000 0.137500 0.026562 0.027778
4 0.523438 0.157639 0.029687 0.023611
5 0.528516 0.177778 0.032031 0.019444
