0 0.464844 0.218750 0.040625 0.048611
0 0.424609 0.215278 0.039844 0.047222
0 0.433594 0.549306 0.026562 0.051389
0 0.460156 0.549306 0.026562 0.054167
1 0.485156 0.543056 0.023438 0.055556
1 0.409375 0.543750 0.021875 0.051389
1 0.499609 0.220139 0.027344 0.034722
1 0.389844 0.218750 0.029687 0.051389
2 0.506641 0.535417 0.019531 0.062500
2 0.388672 0.536111 0.019531 0.050000
3 0.521484 0.510417 0.028906 0.056944
3 0.376953 0.513194 0.028906 0.037500
2 0.514453 0.238889 0.027344 0.036111
2 0.363672 0.240972 0.022656 0.045833
4 0.530859 0.473611 0.032031 0.025000
4 0.369922 0.483333 0.032031 0.033333
5 0.534766 0.442361 0.038281 0.037500
5 0.368750 0.448611 0.042188 0.036111
6 0.360547 0.418750 0.039844 0.031944
6 0.542969 0.406250 0.035937 0.037500
7 0.533594 0.370139 0.035937 0.037500
7 0.351562 0.390278 0.028125 0.027778
