0 0.434375 0.320139 0.037500 0.070833
0 0.469922 0.320139 0.033594 0.073611
0 0.432031 0.527778 0.023438 0.061111
0 0.455469 0.527778 0.023438 0.061111
1 0.478516 0.524306 0.022656 0.056944
1 0.410547 0.518750 0.021094 0.059722
1 0.499219 0.315972 0.025000 0.056944
1 0.402734 0.318056 0.025781 0.058333
2 0.520312 0.326389 0.017188 0.041667
2 0.380859 0.320833 0.017969 0.047222
2 0.392578 0.507639 0.016406 0.056944
2 0.499609 0.518750 0.017969 0.054167
3 0.516016 0.497917 0.024219 0.056944
3 0.380859 0.488889 0.027344 0.041667
4 0.379297 0.461111 0.030469 0.044444
4 0.528125 0.462500 0.028125 0.041667
5 0.533984 0.425694 0.038281 0.043056
6 0.543750 0.395833 0.032813 0.036111
5 0.378516 0.424306 0.039844 0.048611
6 0.371484 0.391667 0.035156 0.036111
7 0.365625 0.365278 0.025000 0.025000
7 0.536328 0.361111 0.033594 0.044444
