0 0.424219 0.218056 0.042188 0.050000
0 0.464453 0.219444 0.038281 0.052778
0 0.433203 0.550000 0.025781 0.052778
0 0.458984 0.550000 0.025781 0.050000
1 0.483984 0.542361 0.024219 0.048611
1 0.409375 0.543056 0.021875 0.047222
1 0.498437 0.219444 0.029687 0.044444
1 0.389844 0.221528 0.032813 0.048611
2 0.364844 0.236111 0.020313 0.047222
2 0.517969 0.239583 0.018750 0.031944
2 0.505859 0.535417 0.017969 0.048611
2 0.387891 0.537500 0.019531 0.050000
3 0.377734 0.516667 0.028906 0.033333
3 0.519922 0.509028 0.025781 0.045833
4 0.530078 0.479167 0.030469 0.038889
4 0.370703 0.484722 0.033594 0.033333
5 0.369141 0.451389 0.039844 0.038889
5 0.533594 0.440972 0.037500 0.040278
6 0.543359 0.404167 0.033594 0.038889
6 0.360547 0.422222 0.038281 0.030556
7 0.351562 0.394444 0.026562 0.022222
7 0.532422 0.374306 0.036719 0.043056
