0 0.435547 0.597222 0.022656 0.041667
0 0.457813 0.599306 0.021875 0.040278
0 0.438281 0.412500 0.032813 0.055556
0 0.471094 0.411111 0.032813 0.058333
1 0.407031 0.408333 0.029687 0.047222
1 0.500000 0.404861 0.025000 0.045833
1 0.478125 0.595833 0.018750 0.041667
1 0.415234 0.588194 0.017969 0.045833
2 0.397656 0.574306 0.018750 0.048611
2 0.498047 0.586111 0.021094 0.044444
2 0.519531 0.402778 0.014063 0.027778
2 0.384375 0.404167 0.017188 0.036111
3 0.387891 0.552083 0.028906 0.045833
3 0.515234 0.556250 0.024219 0.054167
4 0.525391 0.518750 0.028906 0.040278
4 0.384375 0.513194 0.029687 0.040278
5 0.381250 0.473611 0.040625 0.050000
5 0.533203 0.480556 0.033594 0.050000
6 0.540625 0.442361 0.028125 0.045833
6 0.375781 0.436111 0.034375 0.036111
