0 0.456250 0.066667 0.029687 0.041667
0 0.486328 0.069444 0.030469 0.044444
0 0.453516 0.209028 0.021094 0.043056
0 0.476562 0.211111 0.021875 0.041667
1 0.498047 0.206250 0.019531 0.040278
1 0.432812 0.217361 0.018750 0.045833
1 0.428906 0.080556 0.025000 0.044444
1 0.513281 0.077778 0.021875 0.038889
2 0.523047 0.103472 0.021094 0.023611
2 0.516406 0.206944 0.017188 0.030556
2 0.415234 0.224306 0.016406 0.040278
2 0.407813 0.097222 0.015625 0.038889
3 0.402734 0.130556 0.025781 0.030556
3 0.529687 0.125694 0.029687 0.023611
3 0.532422 0.214583 0.013281 0.023611
3 0.401172 0.232639 0.011719 0.026389
4 0.530859 0.146528 0.027344 0.018056
4 0.391797 0.240278 0.008594 0.022222
4 0.397266 0.152083 0.028906 0.018056
5 0.529687 0.163889 0.032813 0.025000
