0 0.457031 0.095139 0.029687 0.040278
0 0.486719 0.096528 0.028125 0.048611
0 0.458984 0.318056 0.022656 0.038889
0 0.480078 0.320139 0.021094 0.034722
1 0.499219 0.313889 0.017188 0.030556
1 0.439063 0.320139 0.017188 0.037500
1 0.429688 0.104861 0.025000 0.043056
1 0.511719 0.109722 0.021875 0.050000
2 0.516016 0.313194 0.014844 0.029167
2 0.425000 0.320139 0.015625 0.031944
2 0.411719 0.127778 0.018750 0.041667
2 0.523828 0.128472 0.016406 0.020833
3 0.527344 0.147222 0.028125 0.022222
4 0.528516 0.164583 0.028906 0.012500
5 0.530078 0.180556 0.030469 0.019444
3 0.407031 0.147222 0.021875 0.027778
4 0.400000 0.169444 0.029687 0.027778
5 0.395313 0.192361 0.028125 0.020833
