0 0.459766 0.259722 0.021094 0.036111
0 0.478516 0.258333 0.017969 0.030556
0 0.455859 0.071528 0.024219 0.045833
0 0.481641 0.073611 0.027344 0.044444
1 0.432812 0.081250 0.023438 0.045833
1 0.496875 0.258333 0.018750 0.027778
1 0.440625 0.262500 0.017188 0.033333
2 0.413281 0.095833 0.015625 0.044444
2 0.514844 0.253472 0.015625 0.020833
2 0.424609 0.264583 0.016406 0.034722
3 0.407422 0.123611 0.027344 0.036111
3 0.412500 0.272222 0.010937 0.022222
4 0.400000 0.153472 0.035937 0.037500
5 0.394141 0.177778 0.033594 0.027778
