0 0.455078 0.078472 0.028906 0.034722
0 0.483984 0.079861 0.028906 0.034722
0 0.462500 0.361111 0.020313 0.041667
0 0.483203 0.360417 0.021094 0.034722
1 0.503906 0.357639 0.020313 0.037500
1 0.443359 0.363194 0.017969 0.040278
1 0.428516 0.088889 0.022656 0.038889
1 0.510156 0.086111 0.023438 0.033333
2 0.521875 0.353472 0.015625 0.029167
2 0.426563 0.356250 0.017188 0.034722
2 0.524219 0.115278 0.018750 0.027778
2 0.411719 0.117361 0.017188 0.045833
3 0.536719 0.350694 0.012500 0.026389
3 0.410938 0.350694 0.012500 0.023611
