0 0.460938 0.329861 0.020313 0.045833
0 0.482031 0.328472 0.021875 0.043056
0 0.456641 0.095833 0.028906 0.041667
0 0.485938 0.099306 0.028125 0.043056
1 0.510938 0.100694 0.020313 0.043056
1 0.429688 0.101389 0.023438 0.038889
1 0.441406 0.331944 0.018750 0.041667
1 0.502344 0.327778 0.017188 0.038889
2 0.519531 0.323611 0.015625 0.036111
2 0.424219 0.329861 0.015625 0.037500
2 0.525391 0.131250 0.019531 0.029167
2 0.410547 0.122917 0.013281 0.040278
3 0.405859 0.143056 0.022656 0.027778
3 0.408984 0.329167 0.013281 0.025000
3 0.533984 0.318750 0.013281 0.026389
4 0.402734 0.162500 0.024219 0.016667
5 0.398047 0.182639 0.028906 0.031944
6 0.392969 0.207639 0.023438 0.040278
