0 0.435156 0.251389 0.035937 0.075000
0 0.469922 0.251389 0.033594 0.077778
0 0.433594 0.471528 0.025000 0.065278
0 0.457813 0.472917 0.023438 0.059722
1 0.410938 0.465972 0.020313 0.059722
1 0.481250 0.470139 0.023438 0.062500
1 0.403516 0.252083 0.025781 0.062500
1 0.500391 0.250000 0.025781 0.063889
2 0.521484 0.264583 0.014844 0.045833
2 0.380859 0.255556 0.019531 0.055556
2 0.392969 0.460417 0.015625 0.054167
2 0.502344 0.465278 0.018750 0.052778
3 0.380859 0.444444 0.030469 0.041667
3 0.516797 0.446528 0.024219 0.054167
