0 0.454297 0.230556 0.022656 0.050000
0 0.478125 0.231250 0.023438 0.043056
0 0.455469 0.056250 0.034375 0.048611
0 0.488281 0.059722 0.029687 0.047222
1 0.432812 0.237500 0.020313 0.047222
1 0.500391 0.227083 0.021094 0.040278
1 0.426172 0.070139 0.027344 0.043056
1 0.515234 0.069444 0.024219 0.041667
2 0.520312 0.227778 0.017188 0.033333
2 0.414062 0.243750 0.017188 0.043056
3 0.536719 0.234028 0.015625 0.026389
3 0.398047 0.254167 0.014844 0.033333
2 0.404687 0.094444 0.015625 0.041667
3 0.398047 0.120139 0.027344 0.037500
