0 0.453516 0.061111 0.032031 0.052778
0 0.485547 0.062500 0.032031 0.050000
0 0.451953 0.217361 0.022656 0.045833
0 0.474609 0.217361 0.021094 0.043056
1 0.496484 0.214583 0.021094 0.037500
1 0.431250 0.225000 0.018750 0.047222
1 0.426953 0.070833 0.027344 0.038889
1 0.512500 0.072917 0.021875 0.043056
2 0.515625 0.215972 0.017188 0.034722
2 0.413672 0.231944 0.017969 0.047222
2 0.403906 0.093750 0.020313 0.045833
2 0.526172 0.100694 0.019531 0.034722
3 0.528516 0.122917 0.028906 0.031944
3 0.400000 0.122917 0.028125 0.031944
4 0.528906 0.147222 0.028125 0.027778
