0 0.425781 0.220139 0.042188 0.051389
0 0.466016 0.220833 0.038281 0.055556
0 0.434766 0.553472 0.025781 0.054167
0 0.460547 0.552778 0.025781 0.052778
1 0.485156 0.545833 0.023438 0.055556
1 0.410547 0.548611 0.024219 0.052778
1 0.499219 0.220139 0.028125 0.048611
1 0.391406 0.223611 0.032813 0.050000
2 0.365234 0.238889 0.022656 0.047222
2 0.517578 0.241667 0.022656 0.033333
2 0.506250 0.540278 0.020313 0.047222
2 0.389453 0.534722 0.019531 0.047222
3 0.378906 0.517361 0.029687 0.031944
3 0.520312 0.511111 0.028125 0.052778
4 0.530078 0.480556 0.028906 0.038889
4 0.371875 0.486111 0.031250 0.036111
5 0.535547 0.445833 0.035156 0.044444
5 0.368359 0.451389 0.041406 0.041667
6 0.360938 0.422222 0.039062 0.036111
6 0.542188 0.413889 0.035937 0.036111
7 0.533984 0.377083 0.036719 0.043056
7 0.352344 0.393056 0.029687 0.033333
