0 0.451953 0.213194 0.042969 0.051389
0 0.411328 0.212500 0.038281 0.052778
0 0.425000 0.544444 0.026562 0.047222
0 0.451562 0.544444 0.025000 0.052778
1 0.476172 0.538194 0.022656 0.051389
1 0.399609 0.540278 0.024219 0.050000
1 0.485938 0.215972 0.023438 0.043056
1 0.378516 0.220139 0.032031 0.045833
2 0.379688 0.532639 0.017188 0.048611
2 0.505859 0.238194 0.022656 0.054167
2 0.356250 0.241667 0.020313 0.047222
3 0.368750 0.514583 0.029687 0.037500
4 0.362891 0.487500 0.032031 0.038889
5 0.361328 0.451389 0.047656 0.041667
6 0.352734 0.416667 0.041406 0.027778
7 0.346484 0.389583 0.028906 0.026389
7 0.529297 0.375000 0.044531 0.047222
