0 0.426172 0.216667 0.041406 0.055556
0 0.464844 0.215972 0.040625 0.059722
0 0.433594 0.549306 0.025000 0.048611
0 0.459766 0.549306 0.025781 0.051389
1 0.484375 0.543056 0.021875 0.052778
1 0.408984 0.543750 0.024219 0.051389
1 0.498437 0.219444 0.028125 0.038889
1 0.388672 0.223611 0.032031 0.047222
2 0.364844 0.236806 0.020313 0.043056
2 0.517969 0.239583 0.017188 0.031944
2 0.505859 0.534722 0.019531 0.047222
2 0.388672 0.535417 0.019531 0.048611
3 0.378125 0.516667 0.028125 0.033333
3 0.520312 0.509028 0.026562 0.045833
4 0.530078 0.478472 0.027344 0.037500
4 0.371094 0.486806 0.032813 0.034722
5 0.369922 0.454861 0.039844 0.037500
5 0.534375 0.441667 0.032813 0.036111
6 0.543359 0.408333 0.032031 0.030556
6 0.359766 0.424306 0.039844 0.034722
7 0.351172 0.395833 0.025781 0.025000
7 0.531641 0.378472 0.035156 0.048611
