0 0.435937 0.609722 0.021875 0.047222
0 0.458203 0.609722 0.022656 0.041667
1 0.481250 0.604167 0.021875 0.044444
1 0.414844 0.597917 0.020313 0.054167
1 0.406641 0.425000 0.027344 0.044444
1 0.500391 0.420139 0.024219 0.045833
2 0.501172 0.596528 0.017969 0.045833
2 0.397656 0.585417 0.015625 0.051389
2 0.385156 0.420139 0.017188 0.034722
2 0.520312 0.417361 0.014063 0.026389
0 0.437891 0.429861 0.032031 0.056944
0 0.471094 0.427778 0.034375 0.058333
3 0.387891 0.559722 0.032031 0.044444
3 0.514844 0.561806 0.025000 0.045833
4 0.526563 0.527778 0.026562 0.041667
4 0.383984 0.523611 0.028906 0.030556
5 0.383203 0.483333 0.038281 0.050000
5 0.532422 0.486806 0.035156 0.045833
6 0.541406 0.444444 0.031250 0.047222
6 0.376953 0.442361 0.038281 0.045833
