0 0.456250 0.092361 0.028125 0.043056
0 0.485156 0.095833 0.029687 0.041667
0 0.460938 0.333333 0.020313 0.047222
0 0.481250 0.333333 0.021875 0.038889
1 0.501172 0.329167 0.017969 0.038889
1 0.441406 0.334028 0.018750 0.048611
1 0.430469 0.104167 0.023438 0.044444
1 0.510938 0.102778 0.021875 0.038889
2 0.423828 0.332639 0.014844 0.034722
2 0.520312 0.329861 0.015625 0.029167
2 0.525391 0.130556 0.019531 0.036111
2 0.412891 0.131944 0.021094 0.055556
3 0.410547 0.334722 0.013281 0.027778
3 0.533594 0.324306 0.010937 0.023611
6 0.539062 0.205556 0.032813 0.038889
5 0.531641 0.166667 0.033594 0.041667
6 0.392188 0.206250 0.029687 0.026389
5 0.398438 0.177778 0.034375 0.030556
