0 0.455078 0.095833 0.030469 0.041667
0 0.485547 0.100694 0.030469 0.043056
0 0.459375 0.310417 0.021875 0.043056
0 0.481250 0.309722 0.020313 0.038889
1 0.501172 0.305556 0.017969 0.036111
1 0.440234 0.315278 0.017969 0.044444
1 0.428516 0.106250 0.022656 0.040278
1 0.512500 0.106250 0.021875 0.037500
2 0.423047 0.313889 0.014844 0.038889
2 0.519922 0.304167 0.016406 0.025000
2 0.524609 0.131944 0.019531 0.036111
2 0.411719 0.121528 0.017188 0.037500
3 0.405859 0.315972 0.019531 0.031944
3 0.405078 0.145833 0.025781 0.027778
4 0.399219 0.176389 0.031250 0.044444
5 0.391406 0.211111 0.028125 0.038889
3 0.527734 0.154167 0.033594 0.019444
