0 0.435156 0.275000 0.035937 0.072222
0 0.469531 0.274306 0.032813 0.073611
0 0.431641 0.490972 0.024219 0.062500
0 0.456250 0.493056 0.025000 0.058333
1 0.479687 0.488889 0.021875 0.058333
1 0.410156 0.484722 0.018750 0.061111
1 0.403125 0.276389 0.028125 0.061111
1 0.499219 0.272917 0.026562 0.059722
2 0.521094 0.283333 0.015625 0.050000
2 0.380078 0.278472 0.016406 0.051389
2 0.392578 0.475694 0.017969 0.056944
2 0.500000 0.482639 0.018750 0.054167
3 0.517969 0.466667 0.021875 0.052778
3 0.380469 0.456250 0.026562 0.045833
4 0.379688 0.425000 0.032813 0.036111
4 0.530469 0.431250 0.028125 0.043056
5 0.533594 0.397222 0.037500 0.038889
5 0.376172 0.395139 0.041406 0.034722
6 0.371484 0.366667 0.032031 0.033333
6 0.544531 0.371528 0.032813 0.029167
7 0.537891 0.341667 0.035156 0.041667
7 0.366406 0.341667 0.023438 0.025000
