0 0.422656 0.361111 0.032813 0.063889
0 0.456250 0.362500 0.034375 0.063889
1 0.391797 0.359722 0.028906 0.052778
1 0.485938 0.359028 0.025000 0.043056
2 0.369141 0.363194 0.016406 0.043056
2 0.505859 0.361806 0.014844 0.031944
5 0.371094 0.477778 0.040625 0.044444
5 0.521094 0.479861 0.034375 0.045833
6 0.528516 0.441667 0.028906 0.033333
6 0.365234 0.440972 0.035156 0.034722
7 0.359766 0.412500 0.021094 0.025000
7 0.523828 0.403472 0.032031 0.048611
1 0.469922 0.583333 0.021094 0.030556
2 0.487891 0.572917 0.014844 0.026389
3 0.503906 0.545139 0.028125 0.034722
4 0.513672 0.514583 0.024219 0.029167
