0 0.425391 0.218056 0.041406 0.052778
0 0.465625 0.217361 0.039062 0.056944
0 0.433594 0.550000 0.025000 0.050000
0 0.458984 0.550694 0.025781 0.048611
1 0.484375 0.545139 0.023438 0.054167
1 0.410547 0.545139 0.022656 0.048611
1 0.498437 0.220139 0.028125 0.040278
1 0.389453 0.223611 0.032031 0.047222
2 0.364844 0.236111 0.020313 0.047222
2 0.517578 0.239583 0.017969 0.031944
2 0.506250 0.536806 0.018750 0.045833
2 0.389844 0.533333 0.018750 0.047222
3 0.377344 0.515972 0.029687 0.034722
3 0.519531 0.511111 0.028125 0.050000
4 0.530078 0.477778 0.028906 0.036111
4 0.371094 0.486111 0.032813 0.030556
5 0.534375 0.440278 0.034375 0.036111
5 0.369922 0.451389 0.038281 0.041667
6 0.358984 0.420833 0.039844 0.033333
6 0.542969 0.408333 0.031250 0.033333
7 0.532422 0.379167 0.033594 0.044444
7 0.351172 0.393750 0.027344 0.026389
