0 0.457813 0.265278 0.020313 0.036111
0 0.477344 0.264583 0.018750 0.031944
0 0.453516 0.073611 0.025781 0.041667
1 0.432422 0.084028 0.022656 0.043056
1 0.496484 0.260417 0.017969 0.029167
1 0.438672 0.266667 0.017969 0.033333
2 0.423828 0.270833 0.016406 0.027778
2 0.512891 0.257639 0.014844 0.015278
2 0.412500 0.097917 0.017188 0.037500
3 0.407422 0.125000 0.027344 0.030556
4 0.401172 0.141667 0.027344 0.019444
5 0.397656 0.157639 0.029687 0.023611
6 0.392578 0.175694 0.035156 0.023611
3 0.410156 0.275000 0.010937 0.019444
3 0.523047 0.134722 0.025781 0.030556
4 0.523438 0.158333 0.029687 0.019444
5 0.527734 0.175694 0.032031 0.018056
