0 0.454297 0.227778 0.022656 0.047222
0 0.455078 0.050694 0.033594 0.045833
0 0.487891 0.057639 0.032031 0.048611
0 0.477734 0.227083 0.024219 0.040278
1 0.500781 0.225694 0.020313 0.043056
1 0.432812 0.236111 0.020313 0.047222
2 0.520312 0.226389 0.017188 0.036111
2 0.414062 0.243750 0.018750 0.043056
1 0.515625 0.065278 0.021875 0.044444
1 0.426953 0.064583 0.028906 0.048611
3 0.397656 0.254861 0.017188 0.034722
3 0.537109 0.233333 0.016406 0.027778
2 0.404297 0.088889 0.017969 0.041667
3 0.399609 0.120139 0.027344 0.037500
