0 0.434766 0.603472 0.024219 0.045833
0 0.458203 0.602778 0.024219 0.044444
0 0.437891 0.415278 0.033594 0.063889
0 0.471484 0.414583 0.033594 0.062500
1 0.500391 0.407639 0.024219 0.048611
1 0.406641 0.413194 0.028906 0.048611
1 0.414062 0.593750 0.017188 0.045833
1 0.480859 0.597222 0.021094 0.038889
2 0.398438 0.577083 0.017188 0.048611
2 0.500000 0.589583 0.017188 0.043056
2 0.384375 0.410417 0.015625 0.031944
2 0.519922 0.406250 0.014844 0.029167
3 0.388281 0.554167 0.029687 0.044444
3 0.514062 0.558333 0.026562 0.050000
4 0.525391 0.521528 0.028906 0.043056
4 0.383203 0.515972 0.030469 0.037500
5 0.382422 0.477778 0.039844 0.050000
5 0.533984 0.481944 0.036719 0.047222
6 0.541797 0.440278 0.030469 0.047222
6 0.376563 0.439583 0.035937 0.040278
