0 0.427734 0.621528 0.021094 0.031944
0 0.449609 0.622917 0.022656 0.031944
1 0.471875 0.617361 0.021875 0.029167
1 0.402344 0.453472 0.028125 0.043056
2 0.380078 0.447917 0.017969 0.029167
2 0.491406 0.607639 0.017188 0.026389
3 0.503906 0.575000 0.021875 0.038889
3 0.382812 0.567361 0.029687 0.029167
4 0.378125 0.537500 0.026562 0.033333
4 0.515234 0.543056 0.022656 0.033333
5 0.524219 0.505556 0.032813 0.050000
5 0.377734 0.498611 0.038281 0.047222
6 0.534375 0.468056 0.026562 0.038889
6 0.369141 0.460417 0.033594 0.034722
0 0.433203 0.458333 0.033594 0.058333
0 0.467187 0.455556 0.034375 0.055556
1 0.494141 0.449306 0.019531 0.043056
2 0.512500 0.441667 0.014063 0.027778
