0 0.465234 0.215278 0.039844 0.050000
0 0.425000 0.215278 0.040625 0.050000
0 0.433594 0.548611 0.025000 0.050000
0 0.459766 0.550000 0.025781 0.052778
1 0.484375 0.545139 0.023438 0.054167
1 0.409375 0.543750 0.023438 0.051389
1 0.389453 0.220833 0.030469 0.047222
1 0.499609 0.219444 0.027344 0.038889
2 0.516016 0.241667 0.024219 0.038889
2 0.364453 0.242361 0.021094 0.048611
2 0.506641 0.538194 0.019531 0.056944
2 0.388672 0.534028 0.017969 0.054167
3 0.521484 0.512500 0.028906 0.052778
3 0.379297 0.516667 0.030469 0.038889
4 0.530469 0.476389 0.031250 0.033333
4 0.371484 0.486806 0.033594 0.040278
5 0.367188 0.449306 0.042188 0.037500
5 0.535156 0.441667 0.035937 0.041667
6 0.542969 0.405556 0.035937 0.033333
6 0.358984 0.417361 0.041406 0.029167
7 0.352344 0.392361 0.026562 0.020833
7 0.535937 0.372222 0.035937 0.036111
