0 0.457813 0.075000 0.031250 0.041667
0 0.488672 0.079167 0.030469 0.047222
0 0.455469 0.221528 0.020313 0.048611
0 0.478516 0.220139 0.019531 0.043056
1 0.498828 0.216667 0.019531 0.038889
1 0.435547 0.228472 0.019531 0.048611
1 0.513281 0.084028 0.020313 0.043056
1 0.430469 0.086111 0.025000 0.041667
2 0.411328 0.103472 0.019531 0.040278
2 0.526953 0.106944 0.022656 0.030556
2 0.517578 0.215278 0.016406 0.030556
2 0.417578 0.233333 0.016406 0.038889
3 0.403125 0.240972 0.010937 0.026389
3 0.533203 0.223611 0.014844 0.025000
3 0.531250 0.133333 0.029687 0.027778
3 0.405078 0.133333 0.025781 0.027778
4 0.394141 0.247222 0.008594 0.022222
4 0.532422 0.154861 0.028906 0.018056
4 0.400000 0.153472 0.029687 0.018056
5 0.530078 0.170833 0.032031 0.013889
