0 0.422656 0.207639 0.040625 0.048611
0 0.462891 0.211111 0.038281 0.063889
0 0.431641 0.540972 0.025781 0.045833
0 0.457422 0.541667 0.027344 0.050000
1 0.407813 0.537500 0.021875 0.047222
1 0.482812 0.538194 0.023438 0.054167
1 0.388672 0.215972 0.032031 0.054167
2 0.503516 0.529167 0.016406 0.047222
2 0.387891 0.529861 0.017969 0.051389
2 0.362891 0.235417 0.019531 0.062500
3 0.376172 0.513194 0.028906 0.040278
4 0.370312 0.484028 0.032813 0.034722
5 0.367188 0.447222 0.043750 0.041667
5 0.542188 0.397917 0.031250 0.031944
6 0.361719 0.413889 0.042188 0.025000
7 0.351172 0.389583 0.027344 0.031944
7 0.533594 0.367361 0.040625 0.040278
