0 0.456641 0.061806 0.030469 0.045833
0 0.487109 0.064583 0.028906 0.045833
0 0.455078 0.210417 0.021094 0.045833
0 0.477344 0.209722 0.021875 0.038889
1 0.498828 0.209028 0.021094 0.043056
1 0.434766 0.216667 0.017969 0.041667
1 0.429297 0.070833 0.025781 0.047222
1 0.513281 0.075000 0.021875 0.038889
2 0.517969 0.209722 0.015625 0.027778
2 0.416797 0.226389 0.016406 0.044444
2 0.408203 0.096528 0.017969 0.037500
2 0.528125 0.100694 0.018750 0.034722
3 0.533984 0.218056 0.013281 0.016667
3 0.401953 0.235417 0.014844 0.029167
3 0.401953 0.121528 0.027344 0.034722
3 0.530469 0.129167 0.029687 0.036111
