0 0.453125 0.224306 0.021875 0.048611
0 0.476172 0.223611 0.024219 0.044444
0 0.453125 0.053472 0.031250 0.045833
0 0.485938 0.057639 0.032813 0.048611
1 0.513672 0.065278 0.022656 0.044444
1 0.424219 0.066667 0.028125 0.050000
1 0.432031 0.229861 0.020313 0.048611
1 0.498828 0.219444 0.021094 0.044444
2 0.517969 0.219444 0.018750 0.038889
2 0.413281 0.237500 0.017188 0.044444
2 0.402734 0.090278 0.017969 0.033333
2 0.523438 0.097222 0.028125 0.033333
3 0.531250 0.126389 0.031250 0.036111
3 0.398047 0.118056 0.024219 0.033333
3 0.396875 0.247917 0.015625 0.031944
3 0.534375 0.228472 0.014063 0.026389
4 0.530078 0.156944 0.030469 0.030556
4 0.393359 0.148611 0.027344 0.027778
