0 0.453125 0.223611 0.023438 0.047222
0 0.476172 0.223611 0.024219 0.044444
0 0.453906 0.052778 0.034375 0.047222
0 0.486719 0.056944 0.031250 0.050000
1 0.514062 0.066667 0.021875 0.036111
1 0.426172 0.068056 0.028906 0.044444
1 0.431250 0.229861 0.018750 0.043056
1 0.498828 0.220139 0.021094 0.040278
2 0.518359 0.220833 0.017969 0.041667
2 0.414844 0.236111 0.017188 0.041667
2 0.403125 0.090278 0.017188 0.033333
2 0.528906 0.095833 0.020313 0.038889
3 0.398438 0.116667 0.026562 0.030556
3 0.531250 0.122222 0.029687 0.030556
3 0.535547 0.226389 0.014844 0.027778
3 0.398047 0.247222 0.016406 0.036111
4 0.391406 0.142361 0.028125 0.023611
4 0.530859 0.150000 0.033594 0.025000
