0 0.455078 0.039583 0.033594 0.043056
0 0.488281 0.043056 0.032813 0.050000
0 0.453906 0.218750 0.023438 0.051389
0 0.477734 0.219444 0.024219 0.041667
1 0.501172 0.217361 0.022656 0.043056
1 0.432031 0.225000 0.020313 0.044444
2 0.413281 0.233333 0.018750 0.044444
2 0.521094 0.216667 0.017188 0.041667
3 0.537891 0.223611 0.014844 0.030556
3 0.396484 0.244444 0.016406 0.033333
1 0.426172 0.050694 0.028906 0.048611
1 0.517969 0.054861 0.023438 0.040278
2 0.405078 0.072917 0.019531 0.040278
3 0.397656 0.107639 0.028125 0.037500
