0 0.417187 0.211111 0.040625 0.052778
0 0.456641 0.212500 0.039844 0.058333
0 0.426563 0.544444 0.026562 0.052778
0 0.452344 0.543750 0.025000 0.048611
1 0.477734 0.540278 0.024219 0.050000
1 0.402734 0.539583 0.021094 0.048611
1 0.382422 0.215972 0.030469 0.048611
1 0.491406 0.211806 0.029687 0.045833
2 0.512109 0.236111 0.016406 0.033333
2 0.358984 0.232639 0.025781 0.045833
2 0.382812 0.531944 0.018750 0.050000
2 0.500391 0.529167 0.017969 0.050000
3 0.515234 0.503472 0.027344 0.051389
3 0.370703 0.511111 0.030469 0.036111
4 0.366406 0.481944 0.032813 0.036111
4 0.523828 0.470139 0.028906 0.034722
5 0.528906 0.436806 0.034375 0.037500
5 0.365234 0.447917 0.039844 0.037500
6 0.355859 0.420833 0.036719 0.033333
6 0.536719 0.404861 0.029687 0.029167
7 0.526953 0.374306 0.032031 0.045833
7 0.348828 0.390972 0.025781 0.029167
