0 0.468750 0.424306 0.026562 0.056944
0 0.443359 0.422917 0.024219 0.054167
0 0.444922 0.469444 0.017969 0.038889
0 0.462891 0.472222 0.016406 0.033333
1 0.479687 0.468056 0.017188 0.041667
1 0.428906 0.466667 0.012500 0.038889
1 0.422266 0.420833 0.017969 0.050000
1 0.492188 0.417361 0.017188 0.054167
2 0.416016 0.460417 0.014844 0.029167
2 0.496094 0.467361 0.014063 0.034722
2 0.508594 0.411111 0.015625 0.052778
2 0.405859 0.411111 0.014844 0.052778
3 0.404297 0.447917 0.011719 0.020833
3 0.511719 0.448611 0.014063 0.019444
3 0.521484 0.401389 0.008594 0.041667
3 0.394141 0.408333 0.008594 0.044444
