0 0.457031 0.238194 0.020313 0.034722
0 0.476953 0.238889 0.019531 0.030556
0 0.453906 0.056944 0.025000 0.038889
1 0.496094 0.234722 0.018750 0.027778
1 0.437891 0.240278 0.017969 0.030556
1 0.430469 0.065972 0.025000 0.040278
2 0.411719 0.081944 0.018750 0.038889
2 0.512891 0.231944 0.014844 0.016667
2 0.422656 0.247222 0.017188 0.027778
3 0.405469 0.109028 0.028125 0.034722
4 0.400781 0.128472 0.028125 0.026389
5 0.396875 0.144444 0.032813 0.030556
6 0.393359 0.159028 0.035156 0.023611
3 0.408984 0.252083 0.010156 0.018056
