0 0.455469 0.063889 0.031250 0.047222
0 0.486719 0.067361 0.029687 0.045833
0 0.453516 0.212500 0.022656 0.044444
0 0.476172 0.213194 0.022656 0.043056
1 0.497266 0.212500 0.021094 0.044444
1 0.433203 0.219444 0.017969 0.047222
1 0.429297 0.072222 0.025781 0.041667
1 0.512891 0.076389 0.021094 0.041667
2 0.517578 0.210417 0.016406 0.031944
2 0.416797 0.229861 0.017969 0.043056
2 0.407813 0.094444 0.020313 0.041667
2 0.527344 0.103472 0.018750 0.034722
3 0.533203 0.221528 0.013281 0.020833
3 0.400391 0.238889 0.014844 0.033333
3 0.400781 0.120833 0.026562 0.027778
3 0.530469 0.135417 0.029687 0.031944
