0 0.423438 0.206250 0.040625 0.040278
0 0.463672 0.211111 0.039844 0.050000
0 0.433203 0.539583 0.024219 0.037500
0 0.458984 0.538889 0.025781 0.041667
1 0.483594 0.538194 0.023438 0.048611
1 0.409375 0.535417 0.021875 0.040278
1 0.389844 0.217361 0.031250 0.051389
4 0.370312 0.481944 0.031250 0.033333
5 0.369141 0.446528 0.039844 0.040278
5 0.532031 0.436111 0.032813 0.036111
6 0.539844 0.402083 0.029687 0.034722
6 0.362109 0.415278 0.036719 0.027778
7 0.352734 0.390278 0.025781 0.022222
7 0.534375 0.368750 0.037500 0.034722
2 0.505078 0.529861 0.017969 0.048611
2 0.363281 0.236806 0.021875 0.059722
