0 0.455078 0.063889 0.032031 0.052778
0 0.486328 0.066667 0.028906 0.050000
0 0.453125 0.218056 0.020313 0.044444
0 0.475000 0.218750 0.021875 0.040278
1 0.496484 0.217361 0.022656 0.043056
1 0.432031 0.222917 0.021875 0.045833
1 0.426953 0.072222 0.027344 0.047222
1 0.510938 0.074306 0.020313 0.040278
2 0.517188 0.217361 0.017188 0.031944
2 0.414062 0.233333 0.017188 0.038889
2 0.404687 0.095139 0.017188 0.037500
2 0.527734 0.100694 0.017969 0.037500
3 0.397656 0.241667 0.015625 0.030556
3 0.532813 0.227083 0.012500 0.023611
3 0.400391 0.123611 0.027344 0.036111
3 0.528516 0.134028 0.032031 0.034722
