0 0.425781 0.218750 0.039062 0.051389
0 0.464844 0.218056 0.039062 0.052778
0 0.433203 0.550000 0.024219 0.050000
0 0.458984 0.550000 0.027344 0.052778
1 0.484375 0.545139 0.023438 0.054167
1 0.409375 0.545139 0.023438 0.051389
1 0.390625 0.221528 0.031250 0.051389
1 0.498437 0.219444 0.028125 0.041667
2 0.518750 0.240278 0.015625 0.027778
2 0.365625 0.236111 0.021875 0.047222
2 0.505469 0.536806 0.020313 0.045833
2 0.389453 0.536111 0.016406 0.047222
3 0.377734 0.515278 0.030469 0.033333
3 0.519922 0.512500 0.030469 0.047222
4 0.529297 0.476389 0.028906 0.033333
4 0.370703 0.486111 0.032031 0.033333
5 0.370312 0.450694 0.039062 0.043056
5 0.533984 0.445139 0.035156 0.037500
6 0.542969 0.407639 0.031250 0.034722
6 0.359766 0.420833 0.039844 0.033333
7 0.351953 0.392361 0.024219 0.023611
7 0.532422 0.374306 0.033594 0.037500
