0 0.462891 0.077083 0.032031 0.043056
0 0.492969 0.079167 0.028125 0.050000
0 0.459375 0.220139 0.021875 0.045833
0 0.482031 0.221528 0.020313 0.037500
1 0.502344 0.218056 0.020313 0.038889
1 0.439063 0.225694 0.018750 0.043056
1 0.435937 0.087500 0.023438 0.041667
1 0.518359 0.088194 0.021094 0.040278
2 0.531641 0.109722 0.021094 0.027778
2 0.521094 0.218056 0.017188 0.030556
2 0.415234 0.104861 0.017969 0.037500
2 0.421875 0.234028 0.017188 0.037500
3 0.406641 0.241667 0.014844 0.027778
3 0.536719 0.226389 0.014063 0.022222
3 0.535547 0.133333 0.028906 0.022222
3 0.408984 0.132639 0.025781 0.026389
4 0.396875 0.245139 0.006250 0.020833
4 0.535156 0.154167 0.028125 0.016667
4 0.402734 0.155556 0.025781 0.019444
5 0.534766 0.170833 0.030469 0.019444
