0 0.468750 0.424306 0.025000 0.059722
0 0.443750 0.422917 0.025000 0.056944
0 0.444531 0.469444 0.017188 0.038889
0 0.462891 0.471528 0.017969 0.040278
1 0.479687 0.468750 0.015625 0.040278
1 0.428516 0.467361 0.013281 0.037500
1 0.421875 0.422222 0.017188 0.050000
1 0.491797 0.415972 0.021094 0.054167
2 0.495312 0.465278 0.015625 0.033333
2 0.416016 0.459722 0.011719 0.033333
2 0.406641 0.411111 0.013281 0.055556
2 0.509375 0.409722 0.014063 0.055556
3 0.521484 0.401389 0.010156 0.041667
3 0.394922 0.409028 0.010156 0.043056
