0 0.425781 0.390278 0.032813 0.066667
0 0.459766 0.389583 0.035156 0.065278
1 0.395703 0.386806 0.027344 0.054167
1 0.489063 0.385417 0.023438 0.048611
2 0.373047 0.387500 0.017969 0.041667
2 0.507812 0.389583 0.014063 0.026389
5 0.371875 0.487500 0.042188 0.044444
5 0.520703 0.489583 0.032031 0.045833
6 0.529297 0.450694 0.027344 0.034722
6 0.367188 0.450000 0.037500 0.038889
7 0.523828 0.418056 0.028906 0.050000
7 0.360156 0.418750 0.023438 0.031944
1 0.470313 0.597222 0.020313 0.027778
2 0.489063 0.586111 0.015625 0.025000
3 0.500781 0.557639 0.018750 0.031944
4 0.513672 0.525694 0.025781 0.026389
