0 0.457813 0.242361 0.020313 0.034722
0 0.477734 0.241667 0.019531 0.025000
0 0.453906 0.059722 0.025000 0.038889
0 0.480078 0.061111 0.027344 0.044444
1 0.496484 0.238194 0.017969 0.026389
1 0.439063 0.245833 0.017188 0.030556
1 0.431250 0.069444 0.020313 0.041667
2 0.413281 0.083333 0.020313 0.038889
2 0.514453 0.235417 0.014844 0.018056
2 0.423047 0.249306 0.014844 0.029167
3 0.407422 0.111806 0.027344 0.031944
4 0.400781 0.131250 0.031250 0.026389
5 0.397656 0.151389 0.032813 0.022222
6 0.393750 0.163889 0.037500 0.022222
3 0.410156 0.256250 0.010937 0.018056
