1 0.398047 0.456944 0.028906 0.038889
1 0.471484 0.631250 0.021094 0.029167
0 0.450000 0.635417 0.021875 0.029167
2 0.489844 0.620139 0.014063 0.026389
2 0.376563 0.451389 0.015625 0.027778
3 0.501563 0.586111 0.020313 0.036111
4 0.377734 0.550000 0.030469 0.041667
4 0.514453 0.554167 0.022656 0.030556
5 0.520703 0.514583 0.033594 0.051389
5 0.375781 0.506250 0.039062 0.045833
6 0.367188 0.468056 0.032813 0.041667
6 0.528906 0.471528 0.021875 0.037500
0 0.428125 0.460417 0.031250 0.051389
0 0.460938 0.459722 0.034375 0.055556
1 0.489453 0.452778 0.024219 0.041667
2 0.507812 0.448611 0.014063 0.022222
