0 0.426953 0.461111 0.033594 0.052778
0 0.448828 0.635417 0.022656 0.029167
1 0.469922 0.633333 0.019531 0.030556
1 0.397266 0.456250 0.025781 0.043056
2 0.488672 0.620139 0.016406 0.026389
2 0.375781 0.450694 0.017188 0.029167
3 0.501563 0.586111 0.021875 0.036111
4 0.513281 0.554167 0.023438 0.030556
4 0.378125 0.547917 0.028125 0.037500
5 0.521484 0.515278 0.032031 0.050000
5 0.377344 0.507639 0.037500 0.045833
6 0.527734 0.477778 0.022656 0.025000
6 0.369531 0.468750 0.034375 0.040278
0 0.460938 0.461111 0.034375 0.052778
1 0.490234 0.452083 0.022656 0.043056
2 0.507422 0.447222 0.013281 0.022222
