0 0.458203 0.076389 0.027344 0.030556
0 0.487109 0.080556 0.030469 0.036111
0 0.465625 0.360417 0.020313 0.040278
0 0.485938 0.361806 0.020313 0.037500
1 0.506250 0.356250 0.018750 0.040278
1 0.445703 0.358333 0.019531 0.038889
1 0.432031 0.082639 0.023438 0.031944
1 0.512891 0.085417 0.019531 0.031944
2 0.525391 0.113194 0.016406 0.029167
2 0.412109 0.111111 0.021094 0.047222
2 0.428516 0.356250 0.014844 0.029167
2 0.523438 0.354861 0.017188 0.031944
3 0.537891 0.350694 0.011719 0.031944
3 0.414453 0.352083 0.013281 0.020833
3 0.405859 0.142361 0.022656 0.020833
4 0.400000 0.162500 0.020313 0.025000
5 0.395703 0.184028 0.021094 0.023611
