0 0.464453 0.063194 0.030469 0.037500
0 0.493359 0.065278 0.027344 0.047222
0 0.460938 0.202083 0.020313 0.043056
0 0.482812 0.204861 0.020313 0.037500
1 0.503125 0.200694 0.020313 0.037500
1 0.441016 0.211111 0.019531 0.044444
1 0.438672 0.072917 0.024219 0.045833
1 0.518750 0.074306 0.023438 0.037500
2 0.529687 0.096528 0.021875 0.026389
2 0.418750 0.091667 0.018750 0.036111
2 0.423438 0.218056 0.017188 0.033333
2 0.521484 0.204167 0.014844 0.027778
3 0.536719 0.211111 0.014063 0.019444
3 0.536328 0.122917 0.027344 0.023611
3 0.412109 0.122222 0.025781 0.030556
3 0.409375 0.226389 0.012500 0.022222
4 0.400000 0.233333 0.007812 0.019444
4 0.535937 0.145139 0.029687 0.020833
5 0.535547 0.164583 0.032031 0.015278
