0 0.497052 0.634375 0.107311 0.210417
0 0.606132 0.641667 0.110849 0.212500
1 0.688090 0.634375 0.062500 0.143750
1 0.409788 0.622917 0.071934 0.175000
2 0.742925 0.636458 0.044811 0.152083
2 0.340802 0.642708 0.075472 0.164583
0 0.531250 0.836458 0.062500 0.202083
0 0.603774 0.837500 0.075472 0.191667
1 0.666274 0.833333 0.063679 0.200000
1 0.461085 0.835417 0.077830 0.208333
2 0.726415 0.846875 0.054245 0.185417
2 0.393278 0.830208 0.057783 0.189583
3 0.753538 0.797917 0.049528 0.141667
3 0.340802 0.798958 0.061321 0.147917
4 0.300708 0.782292 0.049528 0.118750
