0 0.402344 0.322222 0.176563 0.327778
0 0.585417 0.317130 0.179167 0.347222
1 0.256771 0.306019 0.114583 0.302778
1 0.735156 0.303241 0.119271 0.321296
2 0.150521 0.349537 0.095833 0.358333
2 0.845052 0.315741 0.098437 0.355556
3 0.071615 0.376389 0.061979 0.291667
3 0.928125 0.343519 0.068750 0.311111
0 0.482031 0.787037 0.115104 0.300000
1 0.370573 0.801852 0.109896 0.320370
2 0.262240 0.812500 0.106771 0.375000
3 0.176823 0.813889 0.089063 0.312963
4 0.110937 0.808796 0.077083 0.236111
5 0.045833 0.815278 0.090625 0.208333
1 0.708333 0.796296 0.106250 0.307407
2 0.812240 0.792130 0.101562 0.382407
