0 0.469340 0.546875 0.108491 0.202083
0 0.580778 0.550000 0.114387 0.208333
1 0.665094 0.535417 0.068396 0.162500
1 0.383255 0.534375 0.068396 0.168750
2 0.721698 0.548958 0.044811 0.160417
2 0.313679 0.558333 0.075472 0.154167
0 0.505896 0.740625 0.070755 0.197917
0 0.579599 0.748958 0.069575 0.197917
1 0.431604 0.746875 0.070755 0.218750
1 0.645637 0.738542 0.067217 0.197917
2 0.702830 0.757292 0.051887 0.185417
2 0.364976 0.739583 0.055425 0.183333
3 0.734080 0.719792 0.048349 0.152083
3 0.314269 0.709375 0.055425 0.143750
4 0.276533 0.701042 0.043632 0.131250
