0 0.311910 0.502083 0.074292 0.150000
0 0.390330 0.515625 0.084906 0.164583
0 0.306014 0.639583 0.043632 0.137500
0 0.356132 0.652083 0.054245 0.150000
1 0.465212 0.507292 0.062500 0.147917
1 0.413325 0.657292 0.062500 0.152083
1 0.261792 0.620833 0.044811 0.150000
2 0.530071 0.525000 0.062500 0.162500
2 0.465212 0.686458 0.053066 0.160417
2 0.227594 0.609375 0.033019 0.131250
3 0.579009 0.543750 0.037736 0.120833
3 0.513561 0.672917 0.053066 0.133333
4 0.553656 0.646875 0.048349 0.110417
4 0.609080 0.541667 0.027123 0.091667
5 0.588443 0.635417 0.044811 0.083333
5 0.634434 0.535417 0.025943 0.087500
6 0.609670 0.631250 0.030660 0.079167
7 0.635024 0.603125 0.024764 0.064583
