0 0.306014 0.451042 0.074292 0.177083
0 0.386792 0.479167 0.087264 0.158333
0 0.349646 0.610417 0.050708 0.145833
0 0.298939 0.594792 0.045991 0.131250
1 0.462854 0.477083 0.067217 0.137500
1 0.405071 0.621875 0.064858 0.147917
1 0.253538 0.583333 0.042453 0.145833
2 0.216981 0.566667 0.033019 0.120833
2 0.526533 0.489583 0.069575 0.150000
2 0.458137 0.652083 0.053066 0.158333
3 0.511792 0.634375 0.051887 0.131250
3 0.579009 0.506250 0.042453 0.129167
4 0.548349 0.616667 0.044811 0.095833
4 0.609080 0.516667 0.031840 0.100000
5 0.584906 0.600000 0.042453 0.079167
5 0.633255 0.500000 0.030660 0.083333
6 0.610849 0.601042 0.021226 0.081250
7 0.630896 0.575000 0.025943 0.079167
