0 0.502358 0.631250 0.110849 0.200000
0 0.613208 0.634375 0.106132 0.197917
0 0.535377 0.822917 0.063679 0.183333
0 0.606132 0.826042 0.077830 0.181250
1 0.691627 0.619792 0.060142 0.143750
1 0.415684 0.619792 0.067217 0.139583
1 0.466392 0.823958 0.074292 0.202083
1 0.673939 0.820833 0.062500 0.191667
2 0.745283 0.627083 0.044811 0.154167
2 0.346698 0.635417 0.070755 0.141667
2 0.398585 0.810417 0.054245 0.195833
2 0.728184 0.834375 0.048349 0.185417
3 0.755896 0.788542 0.051887 0.147917
3 0.349646 0.785417 0.062500 0.145833
4 0.310731 0.768750 0.041274 0.112500
