0 0.407292 0.466667 0.169792 0.311111
0 0.577344 0.450926 0.168229 0.324074
1 0.270052 0.446759 0.106771 0.278704
1 0.717448 0.418056 0.110937 0.308333
2 0.174219 0.476389 0.088021 0.319444
2 0.821615 0.405556 0.096354 0.338889
3 0.904427 0.425000 0.065104 0.264815
0 0.445833 0.663889 0.102083 0.192593
0 0.552604 0.686111 0.104167 0.153704
1 0.658854 0.650926 0.107292 0.246296
1 0.345573 0.676389 0.094271 0.226852
2 0.763021 0.630556 0.101042 0.364815
2 0.247396 0.699074 0.096875 0.320370
3 0.850000 0.641667 0.085417 0.248148
3 0.167708 0.688426 0.071875 0.230556
4 0.919010 0.628704 0.066146 0.222222
4 0.109375 0.687963 0.047917 0.161111
5 0.050260 0.685185 0.068229 0.150000
