0 0.414844 0.416204 0.169271 0.312037
0 0.583333 0.395833 0.165625 0.328704
1 0.273958 0.404167 0.109375 0.287963
1 0.721615 0.362037 0.111979 0.314815
2 0.823177 0.350926 0.091146 0.350000
3 0.901302 0.367130 0.065104 0.275000
0 0.473177 0.800463 0.108854 0.269444
0 0.576562 0.794907 0.104167 0.275000
1 0.685417 0.796759 0.113542 0.287963
1 0.366927 0.828704 0.101562 0.309259
2 0.786979 0.780556 0.096875 0.361111
3 0.867188 0.755093 0.080208 0.302778
4 0.923177 0.747222 0.071354 0.248148
3 0.188281 0.831019 0.080729 0.287963
4 0.125260 0.826389 0.070312 0.223148
5 0.059635 0.820833 0.088021 0.206481
