0 0.418229 0.328704 0.175000 0.322222
0 0.600260 0.326852 0.182812 0.338889
1 0.272135 0.313889 0.119271 0.298148
1 0.750521 0.309259 0.114583 0.320370
2 0.165365 0.359722 0.097396 0.349074
2 0.858594 0.322685 0.099479 0.358333
3 0.085677 0.386574 0.058854 0.295370
3 0.942708 0.350000 0.065625 0.305556
0 0.498698 0.779630 0.114062 0.290741
0 0.612240 0.784722 0.109896 0.293519
1 0.386198 0.801852 0.110937 0.314815
2 0.277604 0.816204 0.106250 0.367593
3 0.194271 0.812500 0.091667 0.306481
4 0.127083 0.807870 0.080208 0.230556
5 0.055729 0.824074 0.102083 0.201852
