0 0.563679 0.522917 0.084906 0.175000
0 0.649175 0.529167 0.086085 0.170833
0 0.589623 0.677083 0.056604 0.141667
0 0.644458 0.681250 0.057783 0.150000
1 0.711675 0.528125 0.048349 0.131250
1 0.495283 0.514583 0.056604 0.133333
1 0.532429 0.672917 0.057783 0.158333
1 0.695755 0.679167 0.047170 0.141667
2 0.752948 0.533333 0.034198 0.141667
2 0.436321 0.523958 0.061321 0.143750
2 0.477594 0.678125 0.049528 0.147917
2 0.738208 0.689583 0.037736 0.129167
3 0.757665 0.671875 0.036557 0.118750
3 0.433373 0.653125 0.048349 0.114583
3 0.395047 0.529167 0.025943 0.129167
4 0.395047 0.647917 0.044811 0.108333
5 0.365566 0.638542 0.033019 0.089583
