0 0.534788 0.551042 0.076651 0.152083
0 0.611439 0.550000 0.079009 0.162500
0 0.558962 0.687500 0.049528 0.133333
0 0.610849 0.692708 0.054245 0.127083
1 0.669222 0.551042 0.043632 0.122917
1 0.652712 0.686458 0.045991 0.122917
1 0.470519 0.547917 0.049528 0.116667
1 0.506486 0.684375 0.053066 0.131250
2 0.707547 0.561458 0.037736 0.127083
2 0.420991 0.543750 0.056604 0.137500
2 0.456368 0.685417 0.044811 0.129167
2 0.694575 0.701042 0.044811 0.114583
3 0.735849 0.571875 0.025943 0.110417
3 0.713443 0.690625 0.035377 0.106250
3 0.385613 0.560417 0.025943 0.125000
3 0.417453 0.668750 0.044811 0.104167
4 0.383255 0.660417 0.035377 0.095833
5 0.353184 0.659375 0.038915 0.068750
