0 0.525943 0.548958 0.070755 0.152083
0 0.599646 0.550000 0.076651 0.158333
0 0.547759 0.681250 0.048349 0.120833
0 0.595519 0.685417 0.049528 0.125000
1 0.658608 0.557292 0.041274 0.106250
1 0.466392 0.545833 0.045991 0.116667
1 0.498821 0.679167 0.049528 0.129167
1 0.642689 0.682292 0.044811 0.114583
2 0.695755 0.558333 0.033019 0.125000
2 0.416274 0.548958 0.056604 0.135417
2 0.452241 0.682292 0.045991 0.118750
2 0.678656 0.694792 0.029481 0.097917
3 0.382665 0.556250 0.020047 0.112500
3 0.412736 0.672917 0.044811 0.108333
3 0.699292 0.685417 0.030660 0.104167
4 0.382665 0.656250 0.034198 0.083333
5 0.356132 0.652083 0.033019 0.091667
3 0.719929 0.575000 0.022406 0.104167
