0 0.410938 0.414815 0.170833 0.309259
0 0.581250 0.393981 0.166667 0.325000
1 0.272135 0.401852 0.108854 0.283333
1 0.721094 0.367593 0.107813 0.298148
2 0.822917 0.353241 0.093750 0.349074
3 0.899740 0.364352 0.061979 0.275000
0 0.469531 0.802778 0.104688 0.268519
0 0.576562 0.799537 0.107292 0.267593
1 0.684375 0.796296 0.111458 0.281481
1 0.369271 0.829167 0.100000 0.300926
2 0.785417 0.780556 0.093750 0.361111
3 0.864583 0.762037 0.087500 0.309259
4 0.922917 0.740741 0.076042 0.246296
3 0.188542 0.833333 0.083333 0.283333
4 0.126302 0.829167 0.067187 0.228704
5 0.060417 0.819907 0.095833 0.204630
