0 0.421354 0.405093 0.165625 0.313889
0 0.592969 0.404167 0.172396 0.317593
1 0.288281 0.385185 0.101562 0.279630
1 0.739844 0.383333 0.114062 0.298148
2 0.195833 0.417593 0.080208 0.320370
2 0.848958 0.382870 0.101042 0.336111
3 0.935937 0.406019 0.072917 0.263889
0 0.461719 0.612963 0.096354 0.179630
0 0.566406 0.632407 0.106771 0.146296
1 0.361198 0.623148 0.098437 0.233333
1 0.675521 0.612500 0.108333 0.247222
2 0.784375 0.594907 0.102083 0.362037
2 0.261979 0.644907 0.096875 0.312037
3 0.877865 0.626852 0.078646 0.257407
4 0.946354 0.620833 0.063542 0.206481
