0 0.415104 0.422222 0.171875 0.312963
0 0.585677 0.404167 0.171354 0.332407
1 0.725260 0.370833 0.104688 0.308333
2 0.828125 0.362037 0.100000 0.337037
0 0.468490 0.800926 0.104688 0.275926
0 0.576042 0.797222 0.109375 0.279630
1 0.686198 0.794444 0.110937 0.288889
1 0.365625 0.824537 0.103125 0.295370
2 0.786198 0.786111 0.094271 0.375926
3 0.865365 0.762963 0.081771 0.311111
4 0.921875 0.739352 0.077083 0.245370
3 0.187760 0.824074 0.082812 0.268519
4 0.126042 0.827778 0.068750 0.220370
5 0.057813 0.825000 0.093750 0.192593
2 0.174479 0.452778 0.092708 0.320370
3 0.100260 0.469444 0.058854 0.268519
