0 0.395573 0.393981 0.172396 0.310185
0 0.570312 0.393981 0.177083 0.341667
1 0.716406 0.378704 0.121354 0.311111
1 0.257031 0.371296 0.106771 0.285185
2 0.832031 0.381944 0.105729 0.350926
2 0.162500 0.400000 0.082292 0.333333
3 0.925000 0.397685 0.077083 0.287963
3 0.099740 0.410648 0.043229 0.282407
0 0.437240 0.606481 0.096354 0.205556
0 0.540625 0.643981 0.106250 0.158333
1 0.654427 0.611111 0.113021 0.262963
1 0.336198 0.616667 0.101562 0.248148
2 0.765104 0.585648 0.111458 0.412037
2 0.233073 0.646296 0.104688 0.303704
3 0.862500 0.634722 0.087500 0.247222
3 0.154688 0.632407 0.071875 0.227778
4 0.933854 0.616667 0.067708 0.225926
4 0.100260 0.628704 0.051562 0.166667
