0 0.398177 0.395833 0.167187 0.317593
0 0.572917 0.394444 0.173958 0.344444
1 0.260156 0.364352 0.108854 0.308333
1 0.722656 0.380556 0.122396 0.307407
2 0.838281 0.378241 0.108854 0.347222
2 0.165625 0.395370 0.080208 0.348148
3 0.104948 0.411111 0.049479 0.285185
3 0.928906 0.402778 0.073438 0.288889
0 0.438021 0.594907 0.095833 0.228704
0 0.544792 0.642130 0.111458 0.158333
1 0.661198 0.612500 0.114062 0.271296
1 0.337500 0.617593 0.098958 0.244444
2 0.771354 0.599537 0.102083 0.397222
2 0.234635 0.644444 0.103646 0.318519
3 0.863542 0.636111 0.086458 0.246296
3 0.159115 0.639352 0.077604 0.230556
4 0.937760 0.625463 0.072396 0.226852
4 0.104167 0.633333 0.051042 0.166667
