0 0.545991 0.535417 0.082547 0.166667
0 0.625590 0.544792 0.079009 0.160417
0 0.568986 0.681250 0.050708 0.129167
0 0.623231 0.684375 0.057783 0.127083
1 0.682193 0.546875 0.041274 0.110417
1 0.669222 0.684375 0.048349 0.118750
1 0.478774 0.534375 0.051887 0.118750
1 0.516509 0.680208 0.058962 0.135417
2 0.722877 0.551042 0.037736 0.139583
2 0.425708 0.541667 0.054245 0.129167
2 0.466392 0.684375 0.045991 0.139583
2 0.710495 0.696875 0.031840 0.118750
3 0.745283 0.569792 0.021226 0.106250
3 0.389741 0.551042 0.024764 0.118750
3 0.423349 0.662500 0.044811 0.100000
3 0.727594 0.686458 0.037736 0.110417
4 0.385613 0.666667 0.033019 0.095833
5 0.359080 0.656250 0.034198 0.075000
