0 0.558962 0.656250 0.103774 0.187500
0 0.661557 0.654167 0.101415 0.191667
0 0.589623 0.839583 0.063679 0.183333
0 0.658608 0.842708 0.076651 0.185417
1 0.738797 0.639583 0.053066 0.145833
1 0.473467 0.646875 0.067217 0.152083
1 0.522406 0.844792 0.070755 0.202083
1 0.719929 0.837500 0.060142 0.179167
2 0.784198 0.657292 0.042453 0.147917
2 0.409198 0.658333 0.066038 0.150000
2 0.459316 0.832292 0.055425 0.177083
2 0.771816 0.848958 0.043632 0.185417
3 0.791274 0.806250 0.051887 0.145833
3 0.404481 0.800000 0.054245 0.145833
4 0.367335 0.783333 0.043632 0.120833
