0 0.494104 0.638542 0.106132 0.185417
0 0.599646 0.638542 0.112028 0.197917
1 0.681014 0.617708 0.062500 0.164583
1 0.409198 0.619792 0.068396 0.152083
2 0.735849 0.631250 0.044811 0.162500
2 0.343160 0.639583 0.070755 0.145833
0 0.527712 0.826042 0.060142 0.189583
0 0.596698 0.834375 0.075472 0.185417
1 0.662736 0.826042 0.058962 0.189583
1 0.458137 0.829167 0.076651 0.195833
2 0.720519 0.831250 0.051887 0.187500
2 0.392099 0.817708 0.055425 0.181250
3 0.745873 0.795833 0.043632 0.141667
3 0.341981 0.788542 0.061321 0.147917
4 0.303656 0.767708 0.045991 0.114583
