0 0.438281 0.429167 0.169271 0.312037
0 0.607292 0.415741 0.167708 0.325926
1 0.297396 0.415278 0.111458 0.289815
1 0.746875 0.378704 0.111458 0.309259
2 0.850521 0.368981 0.092708 0.339815
3 0.926042 0.384722 0.055208 0.263889
0 0.495833 0.819907 0.108333 0.267593
0 0.602865 0.814352 0.107813 0.273148
1 0.392969 0.842593 0.099479 0.301852
1 0.711458 0.806944 0.109375 0.287963
2 0.810417 0.792130 0.095833 0.365741
3 0.212500 0.841204 0.083333 0.282407
4 0.150260 0.844907 0.072396 0.223148
5 0.080990 0.836111 0.098437 0.192593
