0 0.495873 0.639583 0.104953 0.183333
0 0.603774 0.644792 0.108491 0.197917
0 0.529481 0.821875 0.063679 0.189583
0 0.597877 0.828125 0.073113 0.185417
1 0.685731 0.617708 0.060142 0.156250
1 0.411557 0.621875 0.066038 0.156250
1 0.460495 0.822917 0.069575 0.195833
1 0.663915 0.830208 0.063679 0.206250
2 0.740566 0.632292 0.047170 0.156250
2 0.341981 0.639583 0.080189 0.158333
2 0.395637 0.812500 0.057783 0.187500
2 0.724646 0.835417 0.050708 0.183333
3 0.751179 0.788542 0.047170 0.139583
3 0.341981 0.791667 0.061321 0.141667
4 0.303656 0.767708 0.048349 0.122917
