0 0.411198 0.321296 0.181771 0.324074
0 0.591667 0.317593 0.176042 0.355556
1 0.262760 0.305093 0.116146 0.299074
1 0.741667 0.301389 0.122917 0.328704
2 0.157812 0.345833 0.093750 0.349074
2 0.852344 0.314815 0.098437 0.348148
3 0.078385 0.371296 0.060937 0.292593
3 0.934115 0.347222 0.067187 0.316667
0 0.487500 0.772685 0.109375 0.289815
0 0.597917 0.776852 0.107292 0.300000
3 0.907813 0.783333 0.088542 0.350000
1 0.378646 0.796296 0.109375 0.325926
2 0.269271 0.809722 0.103125 0.375000
3 0.184115 0.806481 0.090104 0.318519
4 0.120573 0.806944 0.076563 0.237963
5 0.053385 0.814815 0.103646 0.203704
