0 0.414323 0.433796 0.169271 0.304630
0 0.584375 0.418056 0.166667 0.321296
1 0.722656 0.384259 0.109896 0.309259
1 0.273698 0.428704 0.108854 0.283333
2 0.825260 0.371759 0.092188 0.345370
3 0.902083 0.388426 0.060417 0.267593
0 0.467448 0.811574 0.105729 0.267593
0 0.573438 0.806019 0.107292 0.269444
1 0.681250 0.804167 0.107292 0.282407
1 0.364844 0.842593 0.097396 0.287037
2 0.783073 0.799074 0.096354 0.372222
3 0.863281 0.777778 0.084896 0.305556
4 0.921094 0.752778 0.075521 0.237037
3 0.187500 0.829630 0.079167 0.285185
4 0.123698 0.840278 0.064062 0.226852
5 0.059375 0.834259 0.091667 0.211111
