0 0.397396 0.396296 0.171875 0.312963
0 0.569792 0.395370 0.176042 0.338889
1 0.258594 0.375926 0.106771 0.281481
1 0.717187 0.380556 0.118750 0.314815
2 0.164844 0.399537 0.082812 0.337963
2 0.831771 0.384259 0.109375 0.346296
3 0.101042 0.415741 0.044792 0.277778
3 0.925781 0.398148 0.075521 0.298148
0 0.435156 0.597222 0.096354 0.233333
0 0.540885 0.647222 0.114062 0.161111
1 0.658333 0.608333 0.113542 0.264815
1 0.335677 0.618056 0.098437 0.256481
2 0.767708 0.606481 0.109375 0.370370
2 0.232813 0.645833 0.107292 0.306481
3 0.863802 0.632407 0.088021 0.238889
3 0.159375 0.633333 0.082292 0.237037
4 0.934115 0.621759 0.068229 0.223148
4 0.101823 0.633796 0.049479 0.158333
