0 0.414583 0.321296 0.175000 0.324074
0 0.592448 0.316667 0.178646 0.353704
1 0.266927 0.301852 0.117188 0.300000
1 0.741667 0.300926 0.120833 0.325926
2 0.159375 0.345370 0.097917 0.350000
2 0.851302 0.312963 0.103646 0.355556
3 0.081771 0.373611 0.060417 0.286111
3 0.935677 0.338889 0.061979 0.312963
0 0.490104 0.777315 0.111458 0.289815
1 0.380208 0.801389 0.112500 0.321296
2 0.271615 0.809259 0.104688 0.377778
2 0.825260 0.791667 0.099479 0.387037
3 0.910156 0.784259 0.088021 0.337037
3 0.184635 0.812963 0.089063 0.322222
4 0.115625 0.806481 0.073958 0.240741
5 0.051302 0.806481 0.094271 0.203704
