0 0.415885 0.479167 0.167187 0.315741
0 0.584115 0.466204 0.169271 0.325000
1 0.278646 0.459259 0.103125 0.281481
1 0.727083 0.432870 0.113542 0.306481
2 0.182812 0.487037 0.086458 0.337037
2 0.831250 0.418519 0.095833 0.333333
0 0.453906 0.687963 0.099479 0.175926
0 0.557813 0.702315 0.104167 0.152778
1 0.351042 0.699537 0.104167 0.217593
1 0.668750 0.668981 0.110417 0.245370
2 0.774219 0.643981 0.099479 0.371296
2 0.253125 0.707870 0.095833 0.334259
3 0.910417 0.436574 0.065625 0.267593
3 0.857812 0.650463 0.083333 0.241667
3 0.175521 0.702315 0.072917 0.228704
4 0.923698 0.640278 0.071354 0.234259
4 0.116146 0.706019 0.048958 0.167593
5 0.057292 0.693519 0.070833 0.155556
