0 0.413021 0.392593 0.171875 0.307407
0 0.584115 0.388889 0.169271 0.324074
1 0.279948 0.375000 0.097396 0.272222
1 0.730469 0.370370 0.120313 0.298148
2 0.188542 0.401389 0.086458 0.330556
2 0.842969 0.369907 0.103646 0.330556
0 0.456771 0.619444 0.103125 0.150000
0 0.559896 0.623611 0.100000 0.150926
1 0.356250 0.613426 0.097917 0.225000
1 0.668490 0.589352 0.115104 0.267593
2 0.255469 0.631019 0.103646 0.317593
2 0.777865 0.582870 0.104688 0.365741
3 0.872917 0.606944 0.081250 0.258333
4 0.938021 0.603241 0.069792 0.225000
