0 0.393868 0.495833 0.070755 0.129167
0 0.465802 0.501042 0.075472 0.152083
0 0.389741 0.612500 0.043632 0.137500
0 0.435731 0.633333 0.043632 0.137500
1 0.531250 0.505208 0.053066 0.118750
1 0.483491 0.639583 0.051887 0.133333
1 0.347877 0.607292 0.042453 0.135417
2 0.587264 0.521875 0.054245 0.131250
2 0.528892 0.668750 0.043632 0.154167
2 0.313090 0.596875 0.029481 0.122917
3 0.629717 0.539583 0.030660 0.108333
3 0.571344 0.650000 0.041274 0.112500
4 0.653302 0.542708 0.021226 0.089583
4 0.604363 0.632292 0.029481 0.081250
5 0.672759 0.536458 0.020047 0.081250
5 0.633255 0.629167 0.035377 0.087500
6 0.651533 0.622917 0.027123 0.070833
7 0.671580 0.610417 0.029481 0.075000
