0 0.527123 0.546875 0.073113 0.152083
0 0.603184 0.552083 0.076651 0.145833
0 0.548939 0.684375 0.050708 0.122917
0 0.600236 0.685417 0.049528 0.125000
1 0.465802 0.541667 0.044811 0.120833
1 0.659788 0.553125 0.043632 0.106250
1 0.497642 0.683333 0.049528 0.129167
1 0.644458 0.683333 0.045991 0.129167
2 0.698113 0.558333 0.035377 0.129167
2 0.415684 0.551042 0.053066 0.122917
2 0.452830 0.679167 0.044811 0.120833
2 0.679835 0.686458 0.034198 0.102083
3 0.721108 0.576042 0.017689 0.106250
3 0.379717 0.554167 0.025943 0.120833
3 0.413325 0.665625 0.045991 0.093750
3 0.701061 0.683333 0.031840 0.104167
4 0.380307 0.668750 0.036557 0.091667
5 0.354363 0.648958 0.029481 0.072917
