0 0.412500 0.332870 0.180208 0.326852
0 0.593750 0.327315 0.183333 0.349074
1 0.264323 0.308796 0.116146 0.313889
1 0.744271 0.312963 0.120833 0.316667
2 0.157812 0.355556 0.096875 0.348148
2 0.854427 0.322222 0.098437 0.357407
3 0.080469 0.387037 0.063021 0.285185
3 0.937240 0.354167 0.067187 0.300926
1 0.382031 0.813426 0.111979 0.319444
1 0.718490 0.807407 0.113021 0.312963
2 0.272917 0.817130 0.108333 0.365741
2 0.824740 0.801852 0.101562 0.387037
3 0.184375 0.818981 0.087500 0.304630
4 0.120313 0.820370 0.079167 0.242593
5 0.052604 0.815741 0.095833 0.209259
