0 0.419531 0.324537 0.174479 0.332407
0 0.598958 0.321296 0.184375 0.344444
1 0.273177 0.315278 0.117188 0.302778
1 0.749219 0.310648 0.116146 0.321296
2 0.165885 0.358333 0.097396 0.340741
2 0.857292 0.324074 0.102083 0.350000
3 0.084896 0.380556 0.063542 0.294444
3 0.939844 0.348611 0.061979 0.308333
0 0.498437 0.775000 0.111458 0.294444
0 0.612500 0.775926 0.110417 0.298148
1 0.386719 0.796296 0.108854 0.318519
2 0.278906 0.811111 0.105729 0.374074
3 0.192969 0.806481 0.091146 0.303704
4 0.125260 0.805093 0.077604 0.230556
5 0.056250 0.807407 0.090625 0.205556
