0 0.562500 0.526042 0.084906 0.164583
0 0.646226 0.535417 0.082547 0.166667
0 0.589033 0.679167 0.055425 0.137500
0 0.645047 0.686458 0.054245 0.135417
1 0.709316 0.533333 0.045991 0.129167
1 0.492925 0.523958 0.054245 0.127083
1 0.531840 0.675000 0.063679 0.145833
1 0.692807 0.687500 0.053066 0.129167
2 0.750590 0.537500 0.036557 0.137500
2 0.436321 0.526042 0.061321 0.143750
2 0.478184 0.671875 0.050708 0.139583
2 0.734080 0.688542 0.041274 0.118750
3 0.751769 0.672917 0.038915 0.125000
3 0.432193 0.662500 0.050708 0.125000
3 0.396226 0.535417 0.028302 0.108333
3 0.772995 0.558333 0.027123 0.108333
4 0.392689 0.651042 0.040094 0.114583
5 0.362618 0.650000 0.034198 0.091667
