0 0.394271 0.397222 0.167708 0.320370
0 0.569271 0.390278 0.180208 0.343519
1 0.257812 0.367593 0.104167 0.298148
1 0.719792 0.376852 0.116667 0.316667
2 0.164323 0.401852 0.083854 0.329630
2 0.831510 0.377315 0.106771 0.350926
3 0.923958 0.393981 0.071875 0.306481
3 0.098698 0.415741 0.044271 0.270370
0 0.434635 0.614352 0.106771 0.191667
0 0.541927 0.643981 0.107813 0.156481
1 0.655208 0.610648 0.111458 0.267593
1 0.333854 0.617130 0.097917 0.247222
2 0.767188 0.606019 0.103125 0.376852
2 0.232813 0.645833 0.103125 0.304630
3 0.862240 0.636574 0.086979 0.243519
3 0.155990 0.643519 0.071354 0.225926
4 0.100521 0.639352 0.047917 0.167593
4 0.933073 0.624537 0.070312 0.226852
