0 0.423698 0.403241 0.166146 0.306481
0 0.594010 0.402778 0.173437 0.314815
1 0.291406 0.382407 0.102604 0.281481
1 0.740625 0.381019 0.113542 0.308333
2 0.198958 0.413426 0.086458 0.323148
2 0.850260 0.381019 0.102604 0.336111
3 0.937240 0.405093 0.071354 0.278704
0 0.463021 0.612500 0.100000 0.175000
0 0.568490 0.635648 0.110937 0.158333
1 0.364844 0.618981 0.093229 0.225000
1 0.679167 0.603241 0.107292 0.247222
2 0.266406 0.632870 0.097396 0.336111
2 0.788802 0.590741 0.107813 0.370370
3 0.880208 0.615741 0.086458 0.264815
4 0.948698 0.609722 0.063021 0.232407
