0 0.472288 0.622917 0.107311 0.200000
0 0.576651 0.621875 0.108491 0.210417
1 0.656840 0.612500 0.063679 0.162500
1 0.389151 0.610417 0.063679 0.162500
2 0.711675 0.627083 0.045991 0.137500
2 0.318396 0.627083 0.075472 0.158333
0 0.501769 0.811458 0.064858 0.193750
0 0.574292 0.812500 0.077830 0.187500
1 0.637382 0.817708 0.064858 0.197917
1 0.432193 0.813542 0.071934 0.193750
2 0.693986 0.826042 0.050708 0.189583
2 0.368514 0.809375 0.055425 0.185417
3 0.722288 0.785417 0.053066 0.145833
3 0.318986 0.778125 0.055425 0.131250
4 0.285967 0.762500 0.043632 0.125000
