0 0.407813 0.402315 0.165625 0.308333
0 0.579167 0.398148 0.165625 0.318519
1 0.274219 0.379630 0.102604 0.290741
1 0.721875 0.374537 0.116667 0.300926
2 0.183333 0.415278 0.079167 0.330556
2 0.834115 0.380556 0.103646 0.335185
0 0.454427 0.686574 0.102604 0.269444
0 0.563021 0.696296 0.114583 0.277778
1 0.353906 0.698148 0.089063 0.309259
1 0.674740 0.703704 0.101562 0.292593
2 0.260156 0.722685 0.095312 0.367593
2 0.777083 0.703704 0.096875 0.366667
3 0.185417 0.708333 0.077083 0.283333
3 0.864844 0.693519 0.084896 0.303704
4 0.140625 0.709259 0.068750 0.240741
4 0.934115 0.692593 0.074479 0.240741
