0 0.439323 0.432407 0.165104 0.311111
0 0.610417 0.416667 0.168750 0.322222
1 0.300000 0.423148 0.113542 0.283333
1 0.749219 0.385648 0.106771 0.299074
2 0.849740 0.373148 0.094271 0.337037
3 0.926562 0.390278 0.057292 0.263889
0 0.499479 0.820370 0.104167 0.266667
0 0.605990 0.818519 0.111979 0.270370
1 0.396094 0.844907 0.108854 0.295370
1 0.715885 0.818056 0.110937 0.293519
2 0.813281 0.799074 0.095312 0.361111
3 0.216667 0.847685 0.088542 0.275000
4 0.152604 0.846759 0.075000 0.236111
5 0.082812 0.843981 0.097917 0.199074
