0 0.621462 0.641667 0.108491 0.212500
0 0.514151 0.646875 0.106132 0.185417
1 0.705189 0.632292 0.061321 0.152083
1 0.427476 0.635417 0.069575 0.154167
0 0.547170 0.834375 0.061321 0.193750
0 0.617335 0.839583 0.083726 0.191667
1 0.683373 0.839583 0.062500 0.183333
1 0.475825 0.837500 0.076651 0.200000
2 0.757075 0.645833 0.042453 0.154167
2 0.358491 0.643750 0.066038 0.162500
2 0.409788 0.831250 0.055425 0.183333
2 0.738797 0.845833 0.048349 0.183333
3 0.764151 0.806250 0.051887 0.150000
3 0.356132 0.803125 0.061321 0.143750
4 0.318396 0.784375 0.047170 0.131250
