0 0.414844 0.324537 0.179688 0.325000
0 0.594271 0.318519 0.181250 0.353704
1 0.267708 0.306944 0.115625 0.304630
1 0.744271 0.300926 0.120833 0.316667
2 0.161719 0.347222 0.095312 0.346296
2 0.856771 0.311574 0.098958 0.358333
3 0.084375 0.376389 0.062500 0.291667
3 0.938802 0.341667 0.064062 0.312963
0 0.495312 0.768981 0.111458 0.289815
0 0.610156 0.768519 0.113021 0.292593
1 0.385417 0.791667 0.112500 0.322222
2 0.276042 0.807407 0.105208 0.385185
3 0.189323 0.802315 0.091146 0.308333
4 0.125260 0.803704 0.080729 0.231481
5 0.055469 0.805093 0.092188 0.204630
