0 0.411198 0.326389 0.176563 0.328704
0 0.590885 0.320833 0.181771 0.354630
1 0.264844 0.307407 0.123438 0.305556
1 0.742188 0.307407 0.117708 0.327778
2 0.154427 0.352315 0.092188 0.347222
2 0.852865 0.320370 0.101562 0.361111
3 0.079687 0.385185 0.060417 0.287037
3 0.937760 0.349537 0.066146 0.315741
0 0.493229 0.779630 0.111458 0.294444
0 0.607031 0.780093 0.109896 0.299074
1 0.382292 0.794907 0.111458 0.315741
2 0.274740 0.810648 0.103646 0.378704
3 0.186979 0.813889 0.088542 0.309259
4 0.120573 0.814352 0.077604 0.247222
5 0.053646 0.815278 0.095833 0.215741
