0 0.563090 0.533333 0.086085 0.162500
0 0.644458 0.535417 0.081368 0.170833
0 0.588443 0.679167 0.056604 0.137500
0 0.641509 0.683333 0.054245 0.145833
1 0.705778 0.539583 0.045991 0.129167
1 0.493514 0.528125 0.053066 0.131250
1 0.531250 0.679167 0.060142 0.150000
1 0.692217 0.678125 0.047170 0.131250
2 0.746462 0.543750 0.037736 0.137500
2 0.438090 0.538542 0.062500 0.131250
2 0.478184 0.687500 0.050708 0.145833
2 0.731132 0.696875 0.037736 0.114583
3 0.750590 0.678125 0.038915 0.118750
3 0.772406 0.562500 0.023585 0.108333
3 0.396226 0.542708 0.028302 0.122917
3 0.431014 0.664583 0.050708 0.120833
4 0.395047 0.657292 0.040094 0.102083
5 0.368514 0.648958 0.029481 0.089583
