0 0.417969 0.322685 0.180729 0.328704
0 0.595833 0.313426 0.181250 0.347222
1 0.270833 0.303241 0.116667 0.300926
1 0.746094 0.305556 0.125521 0.320370
2 0.164062 0.346296 0.097917 0.351852
2 0.860677 0.321759 0.099479 0.358333
3 0.085417 0.375926 0.060417 0.281481
3 0.942969 0.344444 0.063021 0.307407
0 0.498698 0.766667 0.107813 0.283333
0 0.611979 0.771296 0.115625 0.287037
1 0.387760 0.790741 0.104688 0.322222
1 0.724479 0.780093 0.108333 0.317593
2 0.280990 0.807407 0.106771 0.385185
3 0.195312 0.803241 0.092708 0.312037
4 0.128125 0.804630 0.076042 0.237037
5 0.059635 0.806019 0.100521 0.202778
