0 0.528302 0.548958 0.070755 0.147917
0 0.600825 0.551042 0.074292 0.160417
0 0.548939 0.681250 0.045991 0.125000
0 0.601415 0.687500 0.047170 0.116667
1 0.658019 0.554167 0.042453 0.116667
1 0.466981 0.540625 0.047170 0.118750
1 0.500000 0.681250 0.054245 0.125000
1 0.643278 0.678125 0.043632 0.114583
2 0.697524 0.558333 0.034198 0.129167
2 0.416863 0.547917 0.055425 0.129167
2 0.452830 0.683333 0.040094 0.129167
2 0.679835 0.697917 0.031840 0.112500
3 0.701061 0.682292 0.031840 0.106250
3 0.412146 0.667708 0.043632 0.097917
3 0.381486 0.560417 0.022406 0.100000
3 0.721108 0.576042 0.022406 0.106250
4 0.379717 0.662500 0.035377 0.091667
5 0.353774 0.650000 0.030660 0.066667
