0 0.412500 0.478241 0.164583 0.312037
0 0.582812 0.465741 0.166667 0.331481
1 0.277083 0.461111 0.103125 0.285185
1 0.724479 0.433796 0.117708 0.310185
2 0.180990 0.491667 0.085938 0.331481
2 0.832292 0.420370 0.096875 0.335185
3 0.913281 0.430093 0.061979 0.291667
0 0.454427 0.679630 0.095312 0.192593
0 0.557552 0.704167 0.100521 0.145370
1 0.663802 0.667130 0.108854 0.245370
1 0.355729 0.691204 0.098958 0.232407
2 0.771615 0.647222 0.095312 0.370370
2 0.255208 0.716667 0.097917 0.309259
3 0.859375 0.663889 0.083333 0.229630
3 0.175781 0.700926 0.073438 0.203704
4 0.115104 0.703704 0.052083 0.175926
4 0.921615 0.647222 0.071354 0.216667
5 0.059635 0.697685 0.073438 0.150926
