0 0.495873 0.641667 0.104953 0.179167
0 0.602594 0.641667 0.110849 0.191667
1 0.683962 0.629167 0.058962 0.141667
1 0.410377 0.622917 0.066038 0.158333
2 0.733491 0.633333 0.047170 0.158333
2 0.341392 0.638542 0.071934 0.160417
0 0.529481 0.825000 0.066038 0.187500
0 0.597877 0.833333 0.073113 0.191667
1 0.662146 0.834375 0.064858 0.193750
1 0.459906 0.832292 0.075472 0.202083
2 0.715802 0.838542 0.054245 0.185417
2 0.391509 0.819792 0.058962 0.185417
3 0.746462 0.793750 0.054245 0.158333
3 0.342571 0.791667 0.057783 0.154167
4 0.307783 0.773958 0.047170 0.110417
