0 0.568986 0.648958 0.097877 0.197917
0 0.668632 0.660417 0.094340 0.187500
0 0.603184 0.834375 0.062500 0.172917
0 0.665684 0.839583 0.060142 0.179167
1 0.741156 0.646875 0.050708 0.143750
1 0.488208 0.651042 0.066038 0.143750
1 0.536557 0.833333 0.068396 0.187500
1 0.723467 0.831250 0.055425 0.187500
2 0.788915 0.660417 0.042453 0.154167
2 0.422170 0.653125 0.066038 0.156250
2 0.472288 0.817708 0.055425 0.185417
2 0.774764 0.843750 0.044811 0.179167
3 0.790684 0.806250 0.055425 0.141667
3 0.420991 0.792708 0.056604 0.147917
4 0.381486 0.778125 0.043632 0.131250
