0 0.411198 0.455556 0.168229 0.303704
0 0.581250 0.440741 0.169792 0.333333
1 0.723437 0.411574 0.114583 0.306481
1 0.273698 0.436574 0.105729 0.284259
2 0.177344 0.469907 0.084896 0.323148
2 0.830990 0.394444 0.095312 0.340741
3 0.910156 0.407407 0.069271 0.274074
3 0.108854 0.485648 0.057292 0.263889
0 0.451562 0.659259 0.097917 0.192593
0 0.552604 0.676852 0.101042 0.155556
1 0.659896 0.635185 0.113542 0.255556
1 0.352083 0.678241 0.101042 0.221296
2 0.768490 0.612500 0.095312 0.380556
2 0.250521 0.691204 0.104167 0.312037
3 0.856510 0.634722 0.086979 0.245370
3 0.172656 0.687500 0.072396 0.219444
4 0.919010 0.621759 0.063021 0.210185
4 0.114062 0.691204 0.054167 0.158333
5 0.050781 0.677315 0.073438 0.154630
