0 0.407552 0.324074 0.179688 0.324074
0 0.590104 0.315278 0.178125 0.350926
1 0.259375 0.306944 0.116667 0.304630
1 0.737500 0.306019 0.117708 0.321296
2 0.153906 0.346759 0.095312 0.350926
2 0.846615 0.319444 0.101562 0.351852
3 0.076823 0.384259 0.061979 0.296296
3 0.930208 0.348148 0.065625 0.301852
0 0.484635 0.781481 0.113021 0.296296
1 0.373698 0.799537 0.108854 0.319444
2 0.264844 0.812500 0.105729 0.375000
3 0.179948 0.812037 0.090104 0.311111
4 0.114062 0.812037 0.077083 0.244444
5 0.046875 0.813426 0.087500 0.200926
2 0.816927 0.797685 0.102604 0.389815
