0 0.418490 0.390741 0.168229 0.307407
0 0.590104 0.390278 0.171875 0.323148
1 0.281510 0.370370 0.105729 0.294444
1 0.733854 0.370370 0.117708 0.303704
2 0.189062 0.403704 0.079167 0.316667
2 0.845833 0.370833 0.101042 0.330556
0 0.458333 0.604167 0.100000 0.175000
0 0.561719 0.620833 0.106771 0.143519
1 0.356510 0.610648 0.104688 0.230556
1 0.669010 0.578241 0.110937 0.275000
2 0.254948 0.643056 0.099479 0.293519
2 0.780469 0.581019 0.109896 0.365741
3 0.875781 0.599537 0.082812 0.258333
4 0.944531 0.603241 0.065104 0.215741
