0 0.416667 0.328704 0.180208 0.316667
0 0.597656 0.323148 0.178646 0.351852
1 0.269010 0.312037 0.115104 0.301852
1 0.747135 0.306944 0.118229 0.319444
2 0.163281 0.356944 0.095312 0.349074
2 0.859896 0.324074 0.104167 0.350000
3 0.085417 0.382870 0.060417 0.299074
3 0.940885 0.349074 0.061979 0.305556
0 0.493229 0.776852 0.110417 0.285185
0 0.607552 0.777315 0.115104 0.289815
1 0.383333 0.796296 0.108333 0.314815
2 0.275000 0.812500 0.108333 0.375000
3 0.189583 0.804630 0.093750 0.307407
4 0.123958 0.809259 0.081250 0.250000
5 0.056771 0.806944 0.101042 0.197222
