0 0.468160 0.552083 0.110849 0.216667
0 0.578420 0.552083 0.109670 0.225000
1 0.659198 0.545833 0.061321 0.154167
1 0.379717 0.552083 0.068396 0.154167
2 0.312500 0.569792 0.073113 0.152083
2 0.716392 0.561458 0.045991 0.164583
0 0.501769 0.760417 0.069575 0.191667
0 0.574292 0.762500 0.073113 0.200000
1 0.640330 0.755208 0.066038 0.202083
1 0.429245 0.760417 0.080189 0.204167
2 0.696934 0.764583 0.049528 0.187500
2 0.361439 0.752083 0.055425 0.195833
3 0.731722 0.730208 0.045991 0.143750
3 0.311321 0.721875 0.061321 0.147917
4 0.274764 0.707292 0.040094 0.127083
