0 0.410677 0.326852 0.176563 0.324074
0 0.593490 0.320833 0.175521 0.350926
1 0.262240 0.309259 0.122396 0.296296
1 0.743750 0.306944 0.117708 0.323148
2 0.154427 0.347222 0.092188 0.346296
2 0.852344 0.318056 0.099479 0.354630
3 0.080729 0.377778 0.048958 0.301852
3 0.936198 0.346759 0.068229 0.304630
0 0.490104 0.781481 0.111458 0.288889
1 0.379167 0.803241 0.107292 0.323148
2 0.268750 0.812963 0.105208 0.366667
2 0.822135 0.791667 0.095312 0.392593
3 0.185938 0.810648 0.091667 0.308333
4 0.120833 0.812963 0.082292 0.244444
5 0.050781 0.818056 0.093229 0.202778
3 0.908854 0.791667 0.087500 0.333333
