0 0.479363 0.637500 0.107311 0.179167
0 0.584906 0.631250 0.106132 0.195833
1 0.666274 0.610417 0.061321 0.166667
1 0.393868 0.616667 0.063679 0.158333
2 0.720519 0.623958 0.047170 0.168750
2 0.324882 0.627083 0.074292 0.162500
0 0.511203 0.816667 0.064858 0.183333
0 0.583726 0.816667 0.075472 0.195833
1 0.442217 0.816667 0.073113 0.195833
1 0.646816 0.822917 0.062500 0.195833
2 0.701061 0.826042 0.050708 0.172917
2 0.376179 0.814583 0.054245 0.179167
3 0.729953 0.786458 0.049528 0.139583
3 0.328420 0.784375 0.057783 0.143750
4 0.290684 0.771875 0.038915 0.118750
