0 0.420312 0.403241 0.169792 0.312037
0 0.593229 0.398148 0.175000 0.324074
1 0.287240 0.381944 0.097396 0.280556
1 0.740365 0.379630 0.121354 0.307407
2 0.197917 0.406019 0.082292 0.337963
2 0.853646 0.376852 0.097917 0.344444
0 0.466667 0.614815 0.092708 0.170370
0 0.569792 0.627315 0.108333 0.145370
1 0.367708 0.626852 0.103125 0.220370
1 0.679948 0.608333 0.111979 0.251852
2 0.264062 0.645370 0.101042 0.305556
2 0.789323 0.596296 0.098437 0.375926
3 0.880990 0.613426 0.081771 0.250926
4 0.952083 0.613889 0.062500 0.218519
