0 0.528302 0.655208 0.106132 0.185417
0 0.635613 0.646875 0.113208 0.210417
0 0.564858 0.839583 0.061321 0.187500
0 0.630896 0.846875 0.075472 0.185417
1 0.693986 0.838542 0.062500 0.181250
1 0.495283 0.840625 0.075472 0.197917
1 0.715212 0.644792 0.055425 0.147917
1 0.443986 0.644792 0.064858 0.139583
2 0.749410 0.842708 0.048349 0.181250
2 0.426297 0.829167 0.053066 0.170833
2 0.765330 0.651042 0.040094 0.147917
2 0.379127 0.660417 0.060142 0.141667
3 0.776533 0.808333 0.043632 0.133333
3 0.376179 0.795833 0.058962 0.154167
4 0.334906 0.785417 0.044811 0.112500
