0 0.418229 0.408796 0.168750 0.302778
0 0.589063 0.405093 0.169792 0.315741
1 0.284635 0.393519 0.102604 0.283333
1 0.736458 0.392593 0.117708 0.301852
2 0.192188 0.424074 0.081250 0.327778
2 0.847135 0.388889 0.099479 0.331481
0 0.460938 0.637500 0.104167 0.150926
0 0.562760 0.642593 0.097396 0.151852
1 0.359115 0.628704 0.099479 0.216667
1 0.673698 0.615278 0.113021 0.243519
2 0.784375 0.606019 0.105208 0.356481
2 0.261198 0.655093 0.095312 0.306481
3 0.877604 0.630556 0.083333 0.233333
4 0.943490 0.625000 0.067187 0.209259
3 0.934635 0.406019 0.072396 0.265741
