0 0.400781 0.412963 0.171354 0.314815
0 0.571615 0.396296 0.168229 0.325926
1 0.711198 0.358333 0.108854 0.311111
1 0.260156 0.402315 0.109896 0.278704
2 0.813542 0.349537 0.092708 0.347222
3 0.890885 0.364815 0.063021 0.272222
0 0.457552 0.801389 0.103646 0.267593
0 0.566667 0.798611 0.110417 0.273148
1 0.356510 0.825463 0.100521 0.304630
1 0.675000 0.791667 0.107292 0.283333
2 0.775260 0.781944 0.099479 0.363889
3 0.855729 0.763426 0.084375 0.306481
3 0.178646 0.831019 0.082292 0.276852
4 0.118750 0.828241 0.068750 0.234259
5 0.049219 0.822222 0.093229 0.209259
