0 0.408594 0.412500 0.166146 0.312037
0 0.577083 0.394444 0.165625 0.333333
1 0.717708 0.358333 0.113542 0.312963
2 0.820573 0.350000 0.092188 0.344444
3 0.897917 0.367593 0.061458 0.287037
0 0.463802 0.788426 0.102604 0.271296
0 0.570312 0.784259 0.109375 0.275926
1 0.361198 0.812037 0.103646 0.298148
1 0.681771 0.781019 0.109375 0.293519
2 0.782292 0.766667 0.097917 0.370370
3 0.858073 0.752315 0.083854 0.304630
4 0.916406 0.733333 0.075521 0.246296
3 0.183594 0.817130 0.083854 0.286111
4 0.122135 0.818981 0.068229 0.225000
5 0.056771 0.811574 0.088542 0.204630
