0 0.558373 0.539583 0.088443 0.158333
0 0.642099 0.539583 0.081368 0.175000
0 0.587264 0.682292 0.051887 0.147917
0 0.637972 0.691667 0.049528 0.141667
1 0.703420 0.546875 0.048349 0.122917
1 0.491156 0.532292 0.048349 0.135417
1 0.530071 0.683333 0.055425 0.141667
1 0.688090 0.692708 0.048349 0.139583
2 0.744693 0.546875 0.036557 0.143750
2 0.436321 0.540625 0.061321 0.131250
2 0.477005 0.690625 0.053066 0.143750
2 0.727594 0.698958 0.037736 0.122917
3 0.748231 0.689583 0.034198 0.116667
3 0.769458 0.568750 0.022406 0.108333
3 0.398585 0.542708 0.030660 0.122917
3 0.432783 0.671875 0.049528 0.114583
4 0.395637 0.663542 0.041274 0.097917
5 0.364976 0.657292 0.041274 0.077083
