0 0.562500 0.656250 0.103774 0.195833
0 0.662146 0.661458 0.100236 0.189583
0 0.593750 0.837500 0.064858 0.179167
0 0.658019 0.846875 0.068396 0.185417
1 0.734670 0.647917 0.049528 0.154167
1 0.479363 0.645833 0.062500 0.150000
1 0.525943 0.843750 0.066038 0.191667
1 0.716981 0.842708 0.058962 0.181250
2 0.771226 0.843750 0.044811 0.166667
2 0.784198 0.657292 0.042453 0.160417
2 0.412736 0.655208 0.066038 0.160417
2 0.463443 0.830208 0.058962 0.172917
3 0.409788 0.803125 0.062500 0.139583
3 0.790094 0.806250 0.047170 0.145833
4 0.372052 0.787500 0.041274 0.112500
