0 0.407552 0.466667 0.168229 0.312963
0 0.576823 0.459259 0.166146 0.316667
1 0.718490 0.419907 0.116146 0.312037
1 0.270052 0.450000 0.106771 0.288889
2 0.823958 0.409722 0.095833 0.341667
2 0.174219 0.480556 0.088021 0.338889
3 0.905729 0.423611 0.068750 0.267593
0 0.448437 0.666204 0.096875 0.176852
0 0.550000 0.687963 0.106250 0.146296
1 0.348177 0.682407 0.102604 0.225926
1 0.663802 0.651389 0.114062 0.243519
2 0.767969 0.628241 0.094271 0.371296
2 0.247917 0.696759 0.095833 0.312037
3 0.850781 0.651389 0.083854 0.243519
3 0.169271 0.695833 0.073958 0.234259
4 0.915885 0.628241 0.063021 0.228704
4 0.107292 0.695370 0.048958 0.166667
5 0.051562 0.688426 0.070833 0.156481
