0 0.465802 0.491667 0.075472 0.145833
0 0.397406 0.489583 0.070755 0.125000
0 0.390330 0.606250 0.044811 0.120833
0 0.436321 0.619792 0.042453 0.131250
1 0.532429 0.494792 0.057783 0.122917
1 0.347288 0.589583 0.038915 0.141667
1 0.484080 0.625000 0.053066 0.129167
2 0.590212 0.515625 0.055425 0.139583
2 0.313090 0.582292 0.036557 0.131250
2 0.532429 0.654167 0.041274 0.150000
3 0.631486 0.526042 0.034198 0.102083
3 0.571344 0.637500 0.048349 0.120833
4 0.654481 0.525000 0.021226 0.104167
4 0.606132 0.627083 0.033019 0.091667
5 0.677476 0.523958 0.022406 0.085417
5 0.632665 0.614583 0.034198 0.087500
6 0.652712 0.615625 0.022406 0.077083
7 0.673349 0.591667 0.030660 0.054167
