0 0.404948 0.327315 0.176563 0.326852
0 0.583854 0.317593 0.184375 0.342593
1 0.256771 0.310648 0.120833 0.304630
1 0.736458 0.302778 0.118750 0.320370
2 0.149219 0.356481 0.094271 0.344444
2 0.846875 0.316667 0.102083 0.359259
3 0.073698 0.382407 0.058854 0.298148
3 0.929688 0.349537 0.062500 0.291667
0 0.484115 0.771296 0.105729 0.287037
0 0.597135 0.773148 0.119271 0.287037
1 0.374740 0.793056 0.111979 0.321296
2 0.266146 0.806481 0.104167 0.387037
3 0.178906 0.811574 0.086979 0.304630
5 0.048958 0.810185 0.092708 0.209259
4 0.114583 0.806481 0.076042 0.231481
