0 0.576061 0.677083 0.097877 0.175000
0 0.670401 0.672917 0.097877 0.187500
0 0.609080 0.844792 0.062500 0.172917
0 0.668632 0.848958 0.066038 0.177083
1 0.740566 0.662500 0.051887 0.137500
1 0.497052 0.662500 0.064858 0.137500
1 0.541274 0.846875 0.068396 0.172917
1 0.723467 0.839583 0.055425 0.175000
2 0.786557 0.673958 0.037736 0.135417
2 0.431014 0.665625 0.069575 0.147917
2 0.479363 0.835417 0.053066 0.162500
2 0.772995 0.852083 0.043632 0.154167
3 0.793042 0.818750 0.048349 0.133333
3 0.431014 0.809375 0.057783 0.127083
4 0.390920 0.792708 0.043632 0.106250
