0 0.410156 0.421759 0.172396 0.312037
0 0.582031 0.408333 0.171354 0.327778
1 0.720833 0.366204 0.106250 0.310185
2 0.821615 0.365741 0.094271 0.338889
3 0.901042 0.371296 0.061458 0.281481
0 0.466146 0.795833 0.106250 0.269444
0 0.573177 0.795370 0.107813 0.272222
1 0.680469 0.792130 0.107813 0.291667
1 0.362760 0.822222 0.099479 0.296296
2 0.781771 0.780093 0.094792 0.369444
3 0.861198 0.756481 0.085938 0.298148
4 0.917969 0.742593 0.075521 0.250000
3 0.184896 0.822222 0.084375 0.275926
4 0.123698 0.822685 0.069271 0.223148
5 0.060677 0.819444 0.101562 0.200000
