0 0.536557 0.656250 0.103774 0.195833
0 0.641509 0.664583 0.108491 0.183333
0 0.568986 0.846875 0.062500 0.185417
0 0.636203 0.847917 0.069575 0.200000
1 0.719340 0.644792 0.058962 0.147917
1 0.452241 0.641667 0.064858 0.162500
1 0.500590 0.847917 0.074292 0.208333
1 0.701061 0.845833 0.060142 0.183333
2 0.755896 0.854167 0.047170 0.175000
2 0.433962 0.839583 0.054245 0.179167
2 0.383255 0.662500 0.066038 0.145833
2 0.771816 0.653125 0.038915 0.156250
3 0.381486 0.807292 0.055425 0.131250
3 0.779481 0.811458 0.047170 0.135417
4 0.343160 0.787500 0.047170 0.125000
