0 0.404948 0.414352 0.168229 0.306481
0 0.573958 0.399074 0.169792 0.320370
1 0.265625 0.401389 0.107292 0.286111
1 0.713021 0.361574 0.109375 0.300926
2 0.815104 0.348611 0.094792 0.341667
3 0.893750 0.366204 0.059375 0.275000
0 0.463281 0.802778 0.108854 0.270370
0 0.568750 0.798611 0.103125 0.267593
1 0.360156 0.825000 0.102604 0.303704
1 0.676042 0.795370 0.108333 0.285185
2 0.779427 0.782407 0.095312 0.370370
3 0.856771 0.767130 0.086458 0.319444
4 0.915365 0.737500 0.078646 0.250926
3 0.181771 0.828241 0.082292 0.282407
4 0.119271 0.826389 0.067708 0.217593
5 0.055208 0.828241 0.093750 0.197222
