0 0.396094 0.403241 0.172396 0.317593
0 0.569792 0.401852 0.170833 0.340741
1 0.719271 0.381019 0.126042 0.315741
1 0.257812 0.380556 0.104167 0.287037
2 0.834635 0.383796 0.108854 0.350926
2 0.165625 0.403704 0.086458 0.340741
3 0.101302 0.418519 0.039062 0.285185
3 0.925000 0.408333 0.073958 0.287037
0 0.436458 0.605556 0.096875 0.216667
0 0.542708 0.649537 0.111458 0.154630
1 0.657031 0.609259 0.110937 0.277778
1 0.339323 0.622222 0.100521 0.237037
2 0.768490 0.602315 0.102604 0.391667
2 0.236979 0.649537 0.110417 0.308333
3 0.863802 0.635185 0.084896 0.244444
3 0.158594 0.637500 0.072396 0.228704
4 0.934375 0.621759 0.072917 0.228704
4 0.102604 0.637037 0.045833 0.157407
