0 0.548939 0.667708 0.104953 0.185417
0 0.655660 0.672917 0.101415 0.187500
0 0.584316 0.851042 0.067217 0.189583
0 0.650943 0.855208 0.066038 0.185417
1 0.731132 0.651042 0.051887 0.152083
1 0.465802 0.651042 0.066038 0.147917
1 0.514151 0.852083 0.070755 0.200000
1 0.713443 0.846875 0.061321 0.185417
2 0.765920 0.856250 0.043632 0.179167
2 0.449292 0.843750 0.054245 0.179167
2 0.395047 0.660417 0.068396 0.162500
2 0.780660 0.664583 0.049528 0.158333
3 0.395047 0.811458 0.063679 0.135417
3 0.788325 0.813542 0.050708 0.139583
4 0.354363 0.794792 0.050708 0.127083
