0 0.414583 0.321759 0.181250 0.319444
0 0.594271 0.313889 0.178125 0.351852
1 0.265104 0.309722 0.120833 0.300926
1 0.743490 0.305093 0.114062 0.323148
2 0.160677 0.345833 0.093229 0.352778
2 0.851562 0.319444 0.104167 0.359259
3 0.082292 0.378704 0.057292 0.298148
3 0.937760 0.344444 0.065104 0.301852
0 0.490625 0.779630 0.106250 0.287037
0 0.604427 0.780556 0.120313 0.296296
3 0.909375 0.780093 0.088542 0.334259
1 0.380729 0.797685 0.107292 0.321296
2 0.271354 0.808796 0.101042 0.382407
3 0.183073 0.803241 0.083854 0.317593
4 0.118229 0.810185 0.076042 0.244444
5 0.054948 0.807870 0.103646 0.206481
