0 0.491745 0.628125 0.103774 0.189583
0 0.596108 0.629167 0.104953 0.204167
1 0.675708 0.605208 0.061321 0.168750
1 0.407429 0.615625 0.064858 0.147917
2 0.729953 0.623958 0.044811 0.147917
2 0.337264 0.627083 0.075472 0.150000
0 0.522995 0.813542 0.064858 0.177083
0 0.595519 0.821875 0.077830 0.181250
1 0.656250 0.815625 0.064858 0.181250
1 0.452241 0.818750 0.071934 0.191667
2 0.710495 0.822917 0.057783 0.170833
2 0.388561 0.804167 0.055425 0.187500
3 0.739387 0.783333 0.054245 0.145833
3 0.339623 0.781250 0.058962 0.137500
4 0.302476 0.761458 0.045991 0.093750
