0 0.399219 0.402778 0.168229 0.320370
0 0.571354 0.398148 0.173958 0.340741
1 0.262240 0.372685 0.106771 0.295370
1 0.721615 0.386111 0.126562 0.305556
2 0.838021 0.388426 0.110417 0.345370
2 0.165885 0.405093 0.081771 0.343519
3 0.102083 0.416204 0.044792 0.289815
3 0.929948 0.400000 0.070312 0.307407
0 0.436458 0.607870 0.098958 0.215741
0 0.542448 0.646759 0.114062 0.163889
1 0.657813 0.609722 0.109375 0.280556
1 0.338021 0.619444 0.095833 0.255556
2 0.767708 0.600463 0.108333 0.395370
2 0.231771 0.653241 0.112500 0.300926
3 0.863542 0.633796 0.085417 0.250926
3 0.157292 0.644444 0.072917 0.220370
4 0.937760 0.630093 0.066146 0.219444
4 0.100000 0.633796 0.048958 0.165741
