0 0.407552 0.395370 0.168229 0.301852
0 0.574479 0.400926 0.170833 0.311111
1 0.272135 0.375000 0.102604 0.277778
1 0.720833 0.369444 0.118750 0.307407
2 0.181771 0.415278 0.079167 0.321296
2 0.832552 0.375000 0.103646 0.327778
3 0.919792 0.400926 0.064583 0.281481
0 0.452604 0.681481 0.096875 0.264815
0 0.558073 0.685185 0.111979 0.266667
1 0.353385 0.695833 0.101562 0.293519
1 0.671094 0.692130 0.108854 0.286111
2 0.254427 0.710185 0.091146 0.348148
2 0.775521 0.692593 0.100000 0.362963
3 0.186979 0.700463 0.080208 0.275000
3 0.864844 0.682870 0.091146 0.304630
4 0.933073 0.679630 0.076563 0.246296
4 0.136458 0.693056 0.065625 0.230556
