0 0.422135 0.384722 0.167187 0.317593
0 0.592708 0.387037 0.170833 0.314815
1 0.286198 0.364815 0.095312 0.288889
1 0.736719 0.367130 0.117188 0.304630
2 0.198698 0.405556 0.079687 0.322222
2 0.846094 0.367593 0.100521 0.342593
3 0.934635 0.388889 0.075521 0.277778
0 0.468750 0.741204 0.102083 0.267593
0 0.574479 0.743981 0.108333 0.275000
1 0.687760 0.743981 0.111979 0.293519
1 0.371094 0.750926 0.102604 0.294444
2 0.270573 0.768056 0.095312 0.354630
2 0.789323 0.746296 0.098437 0.366667
3 0.204167 0.752778 0.079167 0.279630
3 0.883073 0.740741 0.089063 0.305556
4 0.154427 0.750926 0.074479 0.214815
4 0.946875 0.731481 0.072917 0.242593
