0 0.294222 0.460417 0.079009 0.141667
0 0.380307 0.468750 0.090802 0.162500
0 0.288915 0.592708 0.054245 0.139583
0 0.341981 0.607292 0.051887 0.156250
1 0.459316 0.475000 0.067217 0.133333
1 0.400354 0.621875 0.064858 0.160417
1 0.247052 0.580208 0.048349 0.147917
2 0.210495 0.565625 0.027123 0.122917
2 0.522406 0.484375 0.061321 0.160417
2 0.452830 0.648958 0.054245 0.164583
3 0.505896 0.630208 0.051887 0.131250
3 0.571934 0.506250 0.037736 0.129167
4 0.546580 0.608333 0.041274 0.095833
5 0.579599 0.602083 0.041274 0.083333
4 0.604363 0.511458 0.020047 0.081250
6 0.603184 0.597917 0.029481 0.079167
5 0.628538 0.495833 0.028302 0.083333
7 0.629717 0.571875 0.037736 0.077083
