0 0.582031 0.454630 0.171354 0.325926
0 0.413802 0.468056 0.163021 0.313889
1 0.725521 0.425000 0.113542 0.296296
1 0.277604 0.451389 0.109375 0.280556
2 0.831510 0.412037 0.095312 0.327778
2 0.180990 0.482407 0.089063 0.327778
3 0.912240 0.425926 0.064062 0.262963
0 0.453125 0.668519 0.095833 0.190741
0 0.556771 0.688426 0.106250 0.145370
1 0.664844 0.640741 0.106771 0.259259
1 0.353646 0.686111 0.101042 0.227778
2 0.769792 0.625463 0.100000 0.365741
2 0.253906 0.707870 0.095312 0.300926
3 0.857031 0.654167 0.088021 0.237963
3 0.174740 0.692593 0.074479 0.229630
4 0.924219 0.633796 0.067187 0.212037
4 0.115885 0.696759 0.053646 0.163889
5 0.057813 0.687963 0.072917 0.146296
