0 0.535967 0.548958 0.076651 0.152083
0 0.614387 0.552083 0.077830 0.154167
0 0.562500 0.684375 0.044811 0.127083
0 0.610259 0.692708 0.055425 0.139583
1 0.672170 0.551042 0.040094 0.114583
1 0.472288 0.548958 0.048349 0.114583
1 0.509434 0.684375 0.056604 0.131250
1 0.656250 0.690625 0.045991 0.135417
2 0.709906 0.559375 0.035377 0.139583
2 0.422759 0.552083 0.060142 0.141667
2 0.458726 0.686458 0.040094 0.122917
2 0.695165 0.704167 0.034198 0.125000
3 0.736439 0.573958 0.022406 0.097917
3 0.383844 0.561458 0.029481 0.114583
3 0.416863 0.675000 0.048349 0.104167
3 0.719929 0.694792 0.031840 0.118750
4 0.385613 0.665625 0.040094 0.093750
5 0.357901 0.657292 0.034198 0.077083
