0 0.416146 0.479630 0.169792 0.307407
0 0.583854 0.468056 0.166667 0.330556
1 0.724219 0.431019 0.113021 0.308333
1 0.276823 0.460648 0.108854 0.287963
2 0.832812 0.417593 0.101042 0.335185
2 0.179167 0.482870 0.086458 0.332407
3 0.912760 0.428241 0.060937 0.287963
0 0.453125 0.676389 0.094792 0.180556
0 0.555469 0.702315 0.105729 0.149074
1 0.664323 0.654630 0.109896 0.253704
1 0.352083 0.687500 0.101042 0.239815
2 0.771875 0.645370 0.101042 0.366667
2 0.253385 0.723148 0.096354 0.307407
3 0.858073 0.658333 0.082812 0.251852
3 0.176823 0.698148 0.071354 0.225926
4 0.921875 0.640741 0.065625 0.222222
4 0.115885 0.705093 0.050521 0.163889
5 0.057552 0.691667 0.068229 0.162963
