0 0.414323 0.324074 0.181771 0.320370
0 0.594010 0.322685 0.178646 0.350926
1 0.264062 0.309259 0.118750 0.300000
1 0.742969 0.307407 0.118229 0.324074
2 0.158333 0.351852 0.092708 0.340741
2 0.852083 0.319444 0.102083 0.359259
3 0.080990 0.380556 0.063021 0.285185
3 0.936979 0.346759 0.064583 0.304630
0 0.491146 0.771296 0.112500 0.281481
0 0.607031 0.774074 0.116146 0.292593
1 0.380729 0.793056 0.111458 0.313889
1 0.718750 0.787963 0.113542 0.316667
2 0.272917 0.807870 0.104167 0.380556
3 0.185938 0.804167 0.087500 0.304630
4 0.122917 0.805093 0.079167 0.234259
5 0.052604 0.804167 0.092708 0.221296
