0 0.500590 0.634375 0.107311 0.197917
0 0.606722 0.632292 0.104953 0.206250
0 0.535377 0.821875 0.061321 0.177083
0 0.602005 0.825000 0.071934 0.187500
1 0.688679 0.623958 0.061321 0.152083
1 0.413915 0.623958 0.061321 0.156250
1 0.465212 0.829167 0.079009 0.208333
1 0.669222 0.825000 0.062500 0.200000
2 0.742925 0.627083 0.042453 0.158333
2 0.344929 0.640625 0.067217 0.143750
2 0.396816 0.815625 0.062500 0.189583
2 0.725236 0.833333 0.049528 0.179167
3 0.752358 0.794792 0.051887 0.147917
3 0.344340 0.789583 0.058962 0.150000
4 0.306014 0.769792 0.043632 0.114583
