0 0.567217 0.650000 0.101415 0.195833
0 0.666863 0.657292 0.097877 0.185417
0 0.600236 0.831250 0.066038 0.166667
0 0.667453 0.834375 0.066038 0.177083
1 0.738797 0.642708 0.053066 0.156250
1 0.484670 0.635417 0.063679 0.166667
1 0.532429 0.831250 0.064858 0.183333
1 0.723467 0.829167 0.057783 0.170833
2 0.774175 0.841667 0.045991 0.162500
2 0.469929 0.825000 0.053066 0.170833
2 0.420401 0.652083 0.069575 0.150000
2 0.785967 0.654167 0.038915 0.154167
3 0.793042 0.802083 0.053066 0.133333
3 0.419811 0.793750 0.054245 0.137500
4 0.376179 0.777083 0.042453 0.108333
