0 0.414844 0.333796 0.178646 0.325000
0 0.595052 0.330093 0.179688 0.343519
1 0.267448 0.313889 0.117188 0.298148
1 0.745052 0.314815 0.119271 0.318519
2 0.159635 0.357407 0.097396 0.344444
2 0.855729 0.330093 0.098958 0.362037
3 0.083333 0.388889 0.061458 0.287037
3 0.935677 0.355556 0.060937 0.303704
1 0.381250 0.813889 0.110417 0.312963
1 0.719531 0.807870 0.110937 0.312037
2 0.272135 0.820833 0.104688 0.358333
2 0.825781 0.799537 0.098437 0.386111
3 0.187240 0.822222 0.085938 0.301852
4 0.120573 0.824074 0.077604 0.238889
5 0.050781 0.821296 0.097396 0.207407
