0 0.413802 0.329167 0.179688 0.328704
0 0.592708 0.321759 0.178125 0.352778
1 0.265365 0.305556 0.114062 0.301852
1 0.742448 0.308796 0.121354 0.332407
2 0.159115 0.351389 0.096354 0.349074
2 0.853646 0.320833 0.095833 0.362037
3 0.080729 0.381019 0.058333 0.295370
3 0.935417 0.347222 0.066667 0.316667
0 0.489063 0.783796 0.112500 0.289815
0 0.600781 0.787037 0.107813 0.296296
1 0.379167 0.800463 0.111458 0.323148
2 0.271094 0.812500 0.102604 0.375000
3 0.183854 0.808796 0.087500 0.299074
4 0.117708 0.816667 0.079167 0.253704
5 0.047135 0.814815 0.093229 0.200000
