0 0.465802 0.605208 0.108491 0.185417
0 0.571934 0.600000 0.103774 0.208333
1 0.654481 0.585417 0.061321 0.162500
1 0.379127 0.584375 0.067217 0.164583
2 0.709906 0.598958 0.049528 0.160417
2 0.309552 0.605208 0.079009 0.168750
0 0.497052 0.790625 0.067217 0.189583
0 0.568986 0.797917 0.076651 0.191667
1 0.633255 0.789583 0.063679 0.187500
1 0.426887 0.792708 0.073113 0.202083
2 0.689269 0.805208 0.053066 0.172917
2 0.363208 0.790625 0.054245 0.181250
3 0.721108 0.764583 0.043632 0.145833
3 0.311321 0.759375 0.061321 0.139583
4 0.277712 0.738542 0.041274 0.118750
