0 0.576061 0.670833 0.097877 0.179167
0 0.671580 0.676042 0.095519 0.181250
0 0.606722 0.843750 0.062500 0.166667
0 0.668632 0.848958 0.068396 0.168750
1 0.741745 0.662500 0.049528 0.137500
1 0.498231 0.658333 0.062500 0.145833
1 0.541863 0.844792 0.067217 0.181250
1 0.724057 0.842708 0.051887 0.168750
2 0.784788 0.680208 0.038915 0.127083
2 0.771226 0.855208 0.042453 0.147917
2 0.436321 0.670833 0.066038 0.141667
2 0.482311 0.835417 0.049528 0.162500
3 0.790094 0.816667 0.047170 0.129167
3 0.431014 0.807292 0.057783 0.122917
5 0.395047 0.792708 0.044811 0.106250
