0 0.505896 0.640625 0.110849 0.185417
0 0.613208 0.635417 0.108491 0.212500
1 0.695165 0.618750 0.062500 0.166667
1 0.418042 0.627083 0.064858 0.145833
2 0.748231 0.629167 0.043632 0.166667
2 0.347877 0.641667 0.077830 0.154167
0 0.537736 0.825000 0.063679 0.187500
0 0.607311 0.830208 0.073113 0.181250
1 0.465802 0.828125 0.075472 0.202083
1 0.675708 0.825000 0.063679 0.200000
2 0.729953 0.835417 0.054245 0.187500
2 0.400354 0.826042 0.055425 0.189583
3 0.760024 0.791667 0.053066 0.141667
3 0.347877 0.791667 0.058962 0.145833
4 0.309552 0.771875 0.045991 0.122917
