0 0.409635 0.389815 0.165104 0.316667
0 0.581771 0.389352 0.170833 0.325000
1 0.274219 0.368056 0.099479 0.282407
1 0.726562 0.362500 0.114583 0.304630
2 0.185677 0.400000 0.074479 0.325926
2 0.836458 0.364815 0.102083 0.337037
3 0.921875 0.391667 0.068750 0.277778
0 0.455729 0.740741 0.103125 0.266667
0 0.563281 0.739815 0.109896 0.275926
1 0.356250 0.751852 0.097917 0.296296
1 0.673438 0.747222 0.107292 0.281481
2 0.258333 0.769907 0.091667 0.363889
2 0.779687 0.749074 0.103125 0.368519
3 0.190625 0.751852 0.076042 0.283333
3 0.867188 0.739352 0.086458 0.308333
4 0.135156 0.744907 0.074479 0.217593
4 0.935417 0.725926 0.071875 0.237037
