0 0.575472 0.673958 0.099057 0.172917
0 0.669222 0.668750 0.095519 0.200000
0 0.607311 0.842708 0.063679 0.168750
0 0.672170 0.846875 0.061321 0.172917
1 0.742335 0.661458 0.053066 0.135417
1 0.497642 0.656250 0.061321 0.150000
1 0.542453 0.843750 0.068396 0.179167
1 0.725236 0.843750 0.054245 0.170833
2 0.787146 0.675000 0.036557 0.137500
2 0.431604 0.669792 0.070755 0.139583
2 0.479953 0.836458 0.061321 0.160417
2 0.775943 0.853125 0.047170 0.172917
3 0.794811 0.819792 0.044811 0.131250
3 0.428656 0.808333 0.053066 0.137500
4 0.390330 0.794792 0.051887 0.114583
