0 0.410677 0.324074 0.176563 0.331481
0 0.587760 0.319444 0.177604 0.340741
1 0.261719 0.308796 0.120313 0.295370
1 0.737760 0.310185 0.122396 0.322222
2 0.153906 0.348611 0.094271 0.349074
2 0.850260 0.318056 0.099479 0.350926
3 0.077083 0.376389 0.060417 0.286111
3 0.933073 0.346296 0.065104 0.305556
0 0.489844 0.782870 0.114062 0.287963
1 0.378125 0.800000 0.109375 0.322222
2 0.823698 0.791667 0.099479 0.383333
2 0.271354 0.813889 0.104167 0.372222
3 0.183073 0.813889 0.085938 0.309259
4 0.118750 0.809259 0.081250 0.229630
5 0.050521 0.805556 0.092708 0.212963
3 0.905729 0.779630 0.085417 0.318519
