0 0.560731 0.656250 0.100236 0.200000
0 0.660377 0.669792 0.103774 0.181250
1 0.734670 0.645833 0.058962 0.154167
1 0.477594 0.648958 0.066038 0.152083
2 0.409788 0.662500 0.069575 0.154167
2 0.784198 0.661458 0.044811 0.139583
0 0.593160 0.846875 0.063679 0.185417
0 0.656840 0.852083 0.063679 0.183333
1 0.715212 0.848958 0.060142 0.181250
1 0.526533 0.848958 0.071934 0.185417
2 0.769458 0.854167 0.043632 0.166667
2 0.460495 0.836458 0.055425 0.168750
3 0.409788 0.805208 0.060142 0.135417
3 0.790094 0.814583 0.047170 0.141667
4 0.371462 0.788542 0.047170 0.106250
