0 0.533019 0.545833 0.077830 0.154167
0 0.610849 0.554167 0.075472 0.150000
0 0.555425 0.686458 0.049528 0.135417
0 0.606722 0.688542 0.055425 0.131250
1 0.665684 0.557292 0.043632 0.114583
1 0.469929 0.539583 0.053066 0.120833
1 0.504127 0.682292 0.057783 0.131250
1 0.651533 0.689583 0.048349 0.125000
2 0.704599 0.560417 0.034198 0.125000
2 0.417453 0.552083 0.054245 0.129167
2 0.689269 0.696875 0.034198 0.110417
2 0.455189 0.683333 0.042453 0.129167
3 0.709906 0.685417 0.033019 0.100000
3 0.729363 0.572917 0.020047 0.100000
3 0.383255 0.553125 0.025943 0.118750
3 0.415684 0.669792 0.041274 0.110417
4 0.382075 0.665625 0.035377 0.085417
5 0.353184 0.657292 0.036557 0.068750
