0 0.408594 0.322685 0.176563 0.315741
0 0.588281 0.318056 0.179688 0.341667
1 0.259375 0.306944 0.119792 0.299074
1 0.735938 0.303704 0.115625 0.320370
2 0.153125 0.349537 0.094792 0.345370
2 0.846875 0.317593 0.102083 0.350000
3 0.076823 0.378241 0.057813 0.300926
3 0.930990 0.341204 0.066146 0.310185
0 0.487500 0.784259 0.112500 0.283333
1 0.375781 0.803241 0.110937 0.323148
2 0.821615 0.794907 0.102604 0.382407
3 0.904948 0.778241 0.091146 0.313889
2 0.265104 0.812500 0.110417 0.375000
3 0.180729 0.813426 0.090625 0.300926
4 0.115885 0.811574 0.075521 0.226852
5 0.048698 0.812037 0.092188 0.214815
