0 0.562500 0.534375 0.082547 0.168750
0 0.645047 0.536458 0.082547 0.172917
0 0.585495 0.682292 0.060142 0.147917
0 0.639741 0.686458 0.055425 0.135417
1 0.706368 0.537500 0.042453 0.125000
1 0.491745 0.528125 0.056604 0.122917
1 0.531840 0.676042 0.058962 0.152083
1 0.690448 0.682292 0.050708 0.135417
2 0.747052 0.547917 0.038915 0.145833
2 0.734080 0.695833 0.036557 0.125000
2 0.435731 0.536458 0.060142 0.135417
2 0.475825 0.678125 0.048349 0.131250
3 0.397406 0.538542 0.030660 0.122917
3 0.432783 0.660417 0.054245 0.116667
3 0.770637 0.563542 0.020047 0.114583
3 0.752948 0.676042 0.038915 0.127083
5 0.364387 0.645833 0.030660 0.087500
4 0.396226 0.660417 0.037736 0.095833
