0 0.397396 0.398611 0.172917 0.319444
0 0.570833 0.399074 0.169792 0.333333
1 0.257292 0.371759 0.103125 0.297222
1 0.719010 0.383333 0.120313 0.314815
2 0.835938 0.385648 0.110417 0.347222
2 0.165625 0.406019 0.082292 0.334259
3 0.103385 0.421296 0.048438 0.272222
5 0.928906 0.407407 0.075521 0.281481
0 0.436719 0.614815 0.098437 0.196296
0 0.542969 0.644907 0.106771 0.156481
1 0.656510 0.612037 0.114062 0.275926
1 0.336719 0.615278 0.096354 0.249074
2 0.770573 0.606019 0.106771 0.384259
2 0.235937 0.645833 0.101042 0.306481
3 0.863281 0.639352 0.084896 0.241667
3 0.160938 0.630093 0.075000 0.243519
4 0.936198 0.625000 0.067187 0.229630
4 0.100260 0.637963 0.049479 0.170370
