0 0.545991 0.530208 0.082547 0.168750
0 0.629127 0.539583 0.086085 0.166667
0 0.575472 0.679167 0.049528 0.133333
0 0.626769 0.686458 0.055425 0.135417
1 0.689269 0.539583 0.041274 0.116667
1 0.485259 0.532292 0.050708 0.114583
1 0.521816 0.675000 0.057783 0.137500
1 0.671580 0.675000 0.053066 0.112500
2 0.727594 0.548958 0.037736 0.139583
2 0.428066 0.536458 0.058962 0.135417
2 0.469340 0.678125 0.047170 0.131250
2 0.713443 0.689583 0.037736 0.108333
3 0.753538 0.561458 0.021226 0.122917
3 0.392099 0.546875 0.027123 0.118750
3 0.425708 0.666667 0.049528 0.104167
4 0.391509 0.659375 0.037736 0.093750
3 0.734670 0.679167 0.035377 0.108333
5 0.363797 0.654167 0.036557 0.083333
