0 0.488208 0.632292 0.106132 0.189583
0 0.593750 0.630208 0.107311 0.206250
1 0.675708 0.611458 0.058962 0.164583
1 0.405660 0.617708 0.066038 0.152083
2 0.729363 0.627083 0.045991 0.158333
2 0.336085 0.628125 0.073113 0.160417
0 0.521816 0.819792 0.064858 0.181250
0 0.590212 0.828125 0.071934 0.185417
1 0.653302 0.822917 0.066038 0.195833
1 0.451651 0.816667 0.077830 0.195833
2 0.708726 0.823958 0.051887 0.177083
2 0.385613 0.811458 0.054245 0.172917
3 0.735849 0.791667 0.047170 0.137500
3 0.335495 0.782292 0.053066 0.135417
4 0.301297 0.766667 0.043632 0.108333
