0 0.581958 0.555208 0.112028 0.197917
0 0.473467 0.546875 0.109670 0.206250
1 0.666274 0.537500 0.061321 0.150000
1 0.385024 0.539583 0.071934 0.158333
2 0.723467 0.555208 0.050708 0.160417
2 0.314858 0.552083 0.077830 0.166667
0 0.507075 0.742708 0.068396 0.189583
0 0.576651 0.748958 0.070755 0.193750
1 0.646816 0.741667 0.064858 0.195833
1 0.435142 0.750000 0.075472 0.212500
2 0.705189 0.754167 0.051887 0.187500
2 0.366156 0.742708 0.057783 0.189583
3 0.312500 0.709375 0.054245 0.135417
3 0.734670 0.716667 0.049528 0.145833
4 0.278892 0.693750 0.043632 0.120833
