0 0.406771 0.328704 0.182292 0.324074
0 0.588542 0.321296 0.180208 0.348148
1 0.260677 0.310185 0.113021 0.298148
1 0.739583 0.306944 0.119792 0.323148
2 0.154688 0.354167 0.095833 0.349074
2 0.848177 0.316667 0.097396 0.357407
3 0.077083 0.383796 0.060417 0.297222
3 0.931510 0.348148 0.070312 0.312963
0 0.485938 0.776389 0.112500 0.291667
0 0.598437 0.781019 0.111458 0.297222
1 0.375260 0.793981 0.108854 0.323148
2 0.267708 0.807870 0.103125 0.384259
3 0.183594 0.808333 0.095312 0.314815
4 0.119010 0.809259 0.073438 0.238889
5 0.052083 0.810648 0.098958 0.206481
