0 0.470519 0.546875 0.106132 0.206250
0 0.580189 0.553125 0.108491 0.202083
1 0.666274 0.535417 0.066038 0.162500
1 0.383844 0.540625 0.067217 0.160417
2 0.721108 0.556250 0.043632 0.150000
2 0.313090 0.558333 0.071934 0.154167
0 0.505307 0.739583 0.069575 0.187500
0 0.576651 0.747917 0.077830 0.191667
1 0.642689 0.747917 0.068396 0.200000
1 0.431014 0.750000 0.076651 0.204167
2 0.699292 0.758333 0.054245 0.187500
2 0.364387 0.741667 0.056604 0.179167
3 0.733491 0.723958 0.042453 0.152083
3 0.314269 0.710417 0.062500 0.137500
4 0.274175 0.700000 0.041274 0.116667
