0 0.410938 0.325000 0.178125 0.322222
0 0.590885 0.316204 0.180729 0.345370
1 0.262500 0.305093 0.116667 0.293519
1 0.741927 0.301389 0.117188 0.317593
2 0.154427 0.350926 0.097396 0.350000
2 0.850521 0.316667 0.103125 0.351852
3 0.079167 0.381019 0.058333 0.282407
3 0.934375 0.337500 0.062500 0.312037
0 0.488281 0.778241 0.114062 0.287963
1 0.378385 0.802778 0.106771 0.322222
2 0.271615 0.812500 0.101562 0.375000
2 0.822135 0.792593 0.108854 0.374074
3 0.183333 0.812037 0.088542 0.322222
3 0.908073 0.784259 0.091146 0.325926
4 0.115365 0.812037 0.077604 0.238889
5 0.048177 0.814352 0.088021 0.200926
