0 0.556604 0.541667 0.082547 0.170833
0 0.637382 0.543750 0.081368 0.170833
0 0.583726 0.694792 0.051887 0.139583
0 0.635613 0.692708 0.056604 0.143750
1 0.698113 0.547917 0.049528 0.125000
1 0.489387 0.536458 0.051887 0.122917
1 0.527123 0.686458 0.061321 0.147917
2 0.738208 0.555208 0.035377 0.135417
2 0.432783 0.544792 0.061321 0.135417
2 0.474057 0.685417 0.042453 0.137500
1 0.686321 0.692708 0.047170 0.135417
2 0.725825 0.702083 0.038915 0.120833
3 0.745283 0.692708 0.037736 0.102083
3 0.763561 0.567708 0.020047 0.110417
3 0.393868 0.554167 0.023585 0.112500
3 0.429245 0.673958 0.047170 0.118750
4 0.395047 0.664583 0.037736 0.100000
5 0.364387 0.656250 0.030660 0.075000
