0 0.436198 0.435648 0.171354 0.312037
0 0.607292 0.418056 0.167708 0.326852
1 0.295052 0.427778 0.108854 0.285185
1 0.746354 0.386574 0.113542 0.313889
2 0.846354 0.379630 0.092708 0.348148
3 0.923438 0.396296 0.057292 0.277778
0 0.496615 0.833333 0.104688 0.272222
0 0.602865 0.826389 0.108854 0.275000
1 0.393490 0.852315 0.106771 0.295370
1 0.712240 0.824074 0.109896 0.281481
3 0.213802 0.853241 0.082812 0.265741
4 0.152083 0.859259 0.072917 0.229630
5 0.086198 0.849537 0.096354 0.202778
2 0.814063 0.806019 0.096875 0.360185
