0 0.429167 0.420833 0.169792 0.313889
0 0.599219 0.401389 0.169271 0.323148
1 0.288802 0.406944 0.111979 0.287963
1 0.738281 0.368056 0.107813 0.299074
2 0.840104 0.358333 0.091667 0.344444
3 0.916406 0.371759 0.056771 0.271296
0 0.484896 0.806944 0.107292 0.273148
0 0.591667 0.803241 0.104167 0.280556
1 0.381510 0.829630 0.102604 0.296296
1 0.697135 0.801389 0.106771 0.287963
2 0.801562 0.785648 0.097917 0.362037
3 0.201302 0.832407 0.081771 0.279630
4 0.139323 0.830556 0.071354 0.209259
5 0.074740 0.829630 0.102604 0.190741
