0 0.571934 0.661458 0.099057 0.177083
0 0.669811 0.659375 0.099057 0.189583
0 0.603184 0.838542 0.064858 0.177083
0 0.669222 0.841667 0.062500 0.175000
1 0.743514 0.645833 0.055425 0.145833
1 0.493514 0.651042 0.060142 0.147917
1 0.538915 0.835417 0.063679 0.183333
1 0.726415 0.837500 0.056604 0.175000
2 0.775354 0.843750 0.043632 0.166667
2 0.477594 0.827083 0.056604 0.166667
2 0.428066 0.660417 0.070755 0.141667
2 0.790094 0.658333 0.037736 0.158333
3 0.425708 0.800000 0.056604 0.129167
4 0.386203 0.781250 0.045991 0.112500
