0 0.456368 0.538542 0.075472 0.139583
0 0.385613 0.527083 0.068396 0.129167
0 0.377948 0.646875 0.045991 0.131250
0 0.423939 0.659375 0.043632 0.131250
1 0.522995 0.536458 0.060142 0.127083
1 0.474646 0.675000 0.055425 0.137500
1 0.338443 0.637500 0.033019 0.145833
2 0.304245 0.626042 0.033019 0.122917
2 0.580778 0.546875 0.057783 0.143750
2 0.523585 0.693750 0.047170 0.145833
3 0.565448 0.682292 0.043632 0.118750
3 0.623821 0.565625 0.035377 0.118750
4 0.600236 0.665625 0.030660 0.093750
4 0.647995 0.560417 0.020047 0.100000
5 0.673349 0.555208 0.023585 0.089583
5 0.627948 0.652083 0.034198 0.087500
6 0.647406 0.648958 0.021226 0.077083
7 0.665684 0.627083 0.027123 0.066667
