0 0.574292 0.662500 0.094340 0.183333
0 0.670991 0.667708 0.096698 0.185417
0 0.603184 0.840625 0.062500 0.168750
0 0.668042 0.842708 0.060142 0.172917
1 0.739976 0.654167 0.050708 0.141667
1 0.495873 0.651042 0.062500 0.147917
1 0.538325 0.840625 0.067217 0.185417
1 0.724646 0.836458 0.053066 0.185417
2 0.774764 0.845833 0.044811 0.158333
2 0.477594 0.835417 0.051887 0.166667
2 0.784788 0.664583 0.038915 0.141667
2 0.429835 0.654167 0.062500 0.166667
3 0.427476 0.800000 0.053066 0.133333
3 0.794222 0.810417 0.043632 0.125000
4 0.389741 0.786458 0.043632 0.114583
