0 0.404167 0.459259 0.169792 0.307407
0 0.573698 0.445833 0.167187 0.323148
1 0.715885 0.416667 0.111979 0.301852
1 0.266406 0.441204 0.102604 0.280556
2 0.820833 0.398148 0.101042 0.327778
2 0.172396 0.466204 0.086458 0.330556
3 0.906250 0.419444 0.064583 0.268519
0 0.444271 0.661111 0.094792 0.183333
0 0.547396 0.683333 0.111458 0.153704
1 0.658594 0.641667 0.107813 0.250000
1 0.344271 0.675000 0.096875 0.235185
2 0.762500 0.626852 0.097917 0.368519
2 0.245833 0.703704 0.100000 0.305556
3 0.848437 0.641204 0.081250 0.243519
3 0.164583 0.685648 0.067708 0.230556
4 0.913802 0.632407 0.064062 0.218519
4 0.105990 0.687500 0.049479 0.167593
5 0.047135 0.681019 0.065104 0.152778
