0 0.329009 0.531250 0.075472 0.154167
0 0.406250 0.541667 0.079009 0.158333
0 0.323703 0.662500 0.050708 0.141667
0 0.372642 0.677083 0.047170 0.141667
1 0.478774 0.543750 0.063679 0.137500
1 0.423939 0.684375 0.057783 0.143750
1 0.277712 0.652083 0.034198 0.150000
2 0.541274 0.556250 0.063679 0.150000
2 0.480542 0.713542 0.050708 0.160417
2 0.244104 0.636458 0.035377 0.143750
3 0.591392 0.572917 0.038915 0.120833
3 0.527712 0.695833 0.050708 0.129167
4 0.563090 0.672917 0.036557 0.104167
4 0.617925 0.566667 0.021226 0.091667
5 0.641509 0.560417 0.025943 0.087500
5 0.594340 0.661458 0.040094 0.089583
6 0.619693 0.659375 0.024764 0.085417
7 0.639151 0.626042 0.025943 0.077083
