0 0.428125 0.394444 0.163542 0.303704
0 0.597396 0.389815 0.169792 0.322222
1 0.293229 0.370370 0.103125 0.281481
1 0.740104 0.368981 0.114583 0.300926
2 0.199740 0.400926 0.084896 0.322222
2 0.851562 0.371759 0.108333 0.345370
3 0.939583 0.396759 0.068750 0.278704
0 0.474219 0.766204 0.107813 0.263889
0 0.582031 0.770370 0.105729 0.277778
1 0.374219 0.780093 0.098437 0.304630
1 0.691667 0.777778 0.110417 0.283333
2 0.797396 0.777778 0.101042 0.372222
2 0.276042 0.795370 0.091667 0.364815
3 0.884896 0.762037 0.088542 0.303704
3 0.206250 0.779167 0.078125 0.271296
4 0.951042 0.754630 0.076042 0.240741
4 0.155208 0.775000 0.066667 0.225926
