0 0.509434 0.650000 0.108491 0.179167
0 0.619693 0.648958 0.107311 0.193750
0 0.544222 0.835417 0.064858 0.183333
0 0.615566 0.838542 0.075472 0.181250
1 0.700472 0.632292 0.058962 0.160417
1 0.422170 0.629167 0.068396 0.166667
1 0.681604 0.831250 0.061321 0.187500
1 0.470519 0.842708 0.075472 0.206250
2 0.751179 0.637500 0.049528 0.158333
2 0.356132 0.650000 0.066038 0.162500
2 0.403892 0.839583 0.057783 0.191667
2 0.734670 0.843750 0.049528 0.179167
3 0.762972 0.801042 0.047170 0.139583
3 0.350236 0.806250 0.061321 0.145833
4 0.311910 0.777083 0.041274 0.133333
