0 0.556604 0.658333 0.103774 0.187500
0 0.659788 0.657292 0.102594 0.197917
0 0.589033 0.834375 0.062500 0.185417
0 0.656250 0.845833 0.062500 0.179167
1 0.719929 0.838542 0.062500 0.189583
1 0.736439 0.643750 0.050708 0.150000
1 0.472288 0.636458 0.062500 0.156250
1 0.522995 0.840625 0.076651 0.189583
2 0.770637 0.845833 0.041274 0.183333
2 0.784788 0.648958 0.041274 0.156250
2 0.407429 0.656250 0.057783 0.150000
2 0.454009 0.833333 0.051887 0.187500
3 0.402712 0.807292 0.060142 0.135417
3 0.791863 0.806250 0.043632 0.141667
4 0.364387 0.779167 0.047170 0.116667
