0 0.411719 0.424537 0.166146 0.308333
0 0.579427 0.404167 0.168229 0.325000
1 0.272656 0.413426 0.108854 0.280556
1 0.719792 0.368981 0.112500 0.302778
2 0.823698 0.361111 0.095312 0.342593
3 0.900521 0.376852 0.060417 0.281481
0 0.467969 0.806944 0.104688 0.271296
0 0.574479 0.805093 0.103125 0.269444
1 0.684375 0.803704 0.111458 0.288889
1 0.364323 0.831019 0.098437 0.293519
2 0.785417 0.787500 0.093750 0.365741
3 0.867708 0.769907 0.082292 0.304630
4 0.921094 0.744907 0.073438 0.237963
3 0.188281 0.831481 0.079687 0.277778
4 0.123177 0.837500 0.065104 0.215741
5 0.063542 0.831019 0.091667 0.199074
