0 0.417448 0.388889 0.163021 0.309259
0 0.586198 0.387500 0.171354 0.317593
1 0.284375 0.368056 0.102083 0.287963
1 0.732292 0.366204 0.117708 0.289815
2 0.191146 0.406944 0.080208 0.319444
2 0.842448 0.366204 0.100521 0.332407
3 0.928125 0.384259 0.068750 0.296296
0 0.464583 0.720833 0.100000 0.265741
0 0.573177 0.725926 0.111979 0.270370
1 0.365885 0.735648 0.095312 0.304630
1 0.684115 0.727778 0.106771 0.298148
2 0.269531 0.752315 0.097396 0.375000
2 0.788802 0.730093 0.099479 0.376852
3 0.201823 0.726852 0.079687 0.264815
3 0.875781 0.723611 0.086979 0.308333
4 0.147656 0.733796 0.067187 0.223148
4 0.944271 0.712963 0.075000 0.250000
