0 0.408073 0.468519 0.168229 0.303704
0 0.578906 0.456481 0.168229 0.327778
1 0.720313 0.425926 0.111458 0.300000
1 0.271354 0.448611 0.107292 0.289815
2 0.827344 0.411574 0.099479 0.326852
2 0.175260 0.482870 0.085938 0.328704
3 0.909635 0.436574 0.064062 0.267593
0 0.449479 0.672685 0.100000 0.182407
0 0.552865 0.688426 0.104688 0.150926
1 0.661458 0.644444 0.107292 0.264815
1 0.348177 0.686574 0.102604 0.228704
2 0.765104 0.636111 0.098958 0.359259
2 0.247135 0.714815 0.094271 0.303704
3 0.851042 0.646759 0.083333 0.249074
3 0.172396 0.688426 0.072917 0.225000
4 0.915365 0.633333 0.070312 0.216667
4 0.109896 0.694444 0.052083 0.168519
5 0.052865 0.687500 0.074479 0.171296
