0 0.571344 0.663542 0.088443 0.185417
0 0.668632 0.665625 0.103774 0.189583
0 0.603184 0.843750 0.060142 0.179167
0 0.667453 0.848958 0.066038 0.168750
1 0.741745 0.655208 0.049528 0.152083
1 0.497052 0.657292 0.060142 0.135417
1 0.723467 0.837500 0.055425 0.166667
1 0.539505 0.843750 0.071934 0.187500
2 0.774764 0.856250 0.044811 0.158333
2 0.477005 0.834375 0.055425 0.172917
2 0.429835 0.662500 0.074292 0.145833
2 0.787736 0.661458 0.037736 0.156250
3 0.429245 0.802083 0.056604 0.133333
3 0.793042 0.815625 0.045991 0.135417
4 0.388561 0.792708 0.041274 0.118750
