0 0.468750 0.611458 0.107311 0.206250
0 0.573113 0.618750 0.106132 0.200000
1 0.655071 0.598958 0.060142 0.160417
1 0.383844 0.593750 0.064858 0.170833
2 0.708726 0.614583 0.047170 0.158333
2 0.317217 0.616667 0.070755 0.162500
0 0.501179 0.807292 0.063679 0.185417
0 0.566627 0.811458 0.069575 0.189583
1 0.632075 0.806250 0.061321 0.195833
1 0.432783 0.805208 0.073113 0.197917
2 0.690448 0.813542 0.050708 0.185417
2 0.366745 0.801042 0.056604 0.181250
3 0.316627 0.767708 0.057783 0.139583
3 0.719340 0.772917 0.054245 0.145833
5 0.283608 0.748958 0.038915 0.102083
