0 0.416667 0.405556 0.165625 0.307407
0 0.587500 0.403241 0.172917 0.317593
1 0.286198 0.384722 0.102604 0.286111
1 0.732812 0.378241 0.115625 0.302778
2 0.191927 0.412963 0.084896 0.325926
2 0.843750 0.386111 0.105208 0.324074
3 0.932031 0.411111 0.074479 0.285185
0 0.460677 0.779630 0.103646 0.264815
0 0.567187 0.784259 0.108333 0.279630
1 0.360417 0.799074 0.096875 0.305556
1 0.677344 0.788889 0.110937 0.288889
2 0.783333 0.784259 0.101042 0.370370
2 0.264583 0.806944 0.093750 0.362037
3 0.872135 0.775000 0.091146 0.309259
3 0.194271 0.786574 0.080208 0.286111
4 0.146875 0.791204 0.077083 0.219444
4 0.939323 0.768519 0.073438 0.248148
