0 0.416667 0.436111 0.165625 0.309259
0 0.584896 0.419444 0.168750 0.324074
1 0.724740 0.386574 0.111979 0.304630
1 0.275521 0.425926 0.108333 0.281481
2 0.828646 0.375463 0.096875 0.336111
3 0.907031 0.385185 0.061979 0.274074
0 0.471875 0.814352 0.108333 0.273148
0 0.579688 0.807407 0.107292 0.272222
1 0.687760 0.809722 0.108854 0.287963
1 0.368750 0.841204 0.101042 0.299074
2 0.786719 0.795833 0.095312 0.362037
3 0.866927 0.770370 0.082812 0.303704
4 0.926042 0.758796 0.072917 0.245370
3 0.191406 0.843056 0.085938 0.280556
4 0.127083 0.839815 0.065625 0.216667
5 0.065104 0.839815 0.094792 0.205556
