0 0.414062 0.429167 0.170833 0.312037
0 0.583333 0.409259 0.164583 0.325926
1 0.721875 0.380556 0.112500 0.307407
2 0.825521 0.368519 0.091667 0.337037
3 0.902083 0.380556 0.059375 0.268519
0 0.466927 0.805556 0.106771 0.270370
0 0.575781 0.804167 0.107813 0.273148
1 0.365365 0.830556 0.095312 0.309259
1 0.683073 0.803241 0.106771 0.295370
2 0.783333 0.786574 0.095833 0.358333
3 0.863021 0.769907 0.084375 0.312037
4 0.922656 0.751389 0.072396 0.243519
3 0.185156 0.831944 0.078646 0.265741
4 0.125521 0.833333 0.068750 0.233333
5 0.060937 0.831944 0.092708 0.197222
