0 0.436458 0.423611 0.170833 0.310185
0 0.604427 0.411574 0.161979 0.332407
1 0.295052 0.412500 0.111979 0.287963
1 0.741667 0.374537 0.114583 0.302778
2 0.845573 0.360648 0.093229 0.343519
3 0.922656 0.383333 0.057813 0.262963
0 0.491927 0.816204 0.106771 0.269444
0 0.598698 0.809259 0.108854 0.277778
1 0.389323 0.840741 0.097396 0.296296
1 0.708594 0.804630 0.108854 0.288889
2 0.808073 0.789815 0.096354 0.359259
3 0.209896 0.839352 0.079167 0.280556
4 0.145833 0.836574 0.069792 0.225000
5 0.079687 0.834722 0.092708 0.195370
