0 0.394792 0.397222 0.172917 0.314815
0 0.569010 0.387963 0.175521 0.342593
1 0.717708 0.378704 0.121875 0.312963
1 0.259375 0.368981 0.106250 0.291667
2 0.164583 0.400463 0.083333 0.330556
2 0.832031 0.379630 0.105729 0.355556
3 0.925000 0.398611 0.080208 0.297222
3 0.102083 0.415278 0.047917 0.275000
0 0.435417 0.613426 0.095833 0.193519
0 0.540885 0.635648 0.109896 0.154630
1 0.653906 0.610648 0.114062 0.267593
1 0.334115 0.618519 0.098437 0.238889
2 0.765885 0.603241 0.105729 0.376852
2 0.232292 0.641667 0.104167 0.301852
3 0.861979 0.631019 0.084375 0.247222
3 0.155729 0.633333 0.073958 0.225926
6 0.935417 0.626389 0.065625 0.215741
6 0.097656 0.631019 0.043229 0.158333
