0 0.417969 0.423611 0.169271 0.315741
0 0.586198 0.412037 0.164062 0.324074
1 0.723958 0.374074 0.111458 0.309259
2 0.175781 0.449537 0.092188 0.330556
3 0.101042 0.472222 0.061458 0.272222
2 0.826823 0.361574 0.091146 0.352778
3 0.903125 0.374074 0.064583 0.301852
0 0.470573 0.804630 0.106771 0.274074
0 0.576823 0.799537 0.107813 0.269444
1 0.366406 0.827778 0.100521 0.300000
1 0.685677 0.795833 0.108854 0.286111
2 0.786458 0.786111 0.096875 0.364815
3 0.864062 0.767593 0.086458 0.300000
4 0.922135 0.744907 0.076563 0.247222
3 0.188802 0.825000 0.082812 0.264815
4 0.127604 0.825926 0.068750 0.218519
5 0.063802 0.826389 0.095312 0.191667
