0 0.417187 0.332407 0.176042 0.322222
0 0.597396 0.325000 0.180208 0.351852
1 0.267969 0.313426 0.119271 0.304630
1 0.747135 0.312500 0.119271 0.330556
2 0.160677 0.356019 0.096354 0.352778
2 0.857812 0.329630 0.098958 0.350000
3 0.082552 0.389352 0.060937 0.289815
3 0.940885 0.350000 0.064062 0.303704
1 0.383333 0.812037 0.112500 0.316667
1 0.722135 0.800463 0.110937 0.297222
2 0.274479 0.817130 0.105208 0.365741
2 0.825781 0.799537 0.093229 0.382407
3 0.188281 0.821296 0.090104 0.305556
4 0.123438 0.823611 0.079167 0.236111
5 0.051042 0.822222 0.095833 0.194444
