0 0.414583 0.465278 0.168750 0.304630
0 0.583333 0.455093 0.170833 0.326852
1 0.724740 0.423148 0.110937 0.305556
1 0.275521 0.450000 0.108333 0.288889
2 0.830469 0.410185 0.094271 0.337037
2 0.180990 0.481481 0.083854 0.320370
3 0.912240 0.418056 0.069271 0.284259
0 0.452604 0.673611 0.096875 0.175000
0 0.555729 0.687500 0.104167 0.145370
1 0.666667 0.642130 0.111458 0.262037
1 0.354167 0.687500 0.102083 0.225000
2 0.769792 0.627315 0.096875 0.356481
2 0.253125 0.710185 0.102083 0.296296
3 0.855990 0.646759 0.084896 0.232407
3 0.176563 0.689352 0.073958 0.228704
4 0.920573 0.633796 0.066146 0.221296
4 0.115104 0.690741 0.052083 0.177778
5 0.055990 0.684722 0.068229 0.162037
