0 0.437500 0.429630 0.167708 0.312963
0 0.606510 0.416204 0.169271 0.323148
1 0.298438 0.422685 0.110417 0.287963
1 0.747135 0.382870 0.108854 0.306481
2 0.848177 0.375000 0.093229 0.333333
3 0.926302 0.388889 0.059896 0.268519
0 0.497135 0.824074 0.107813 0.274074
0 0.605469 0.822685 0.105729 0.282407
1 0.713021 0.817130 0.109375 0.287963
1 0.395052 0.848148 0.095312 0.303704
3 0.214583 0.846759 0.085417 0.273148
4 0.152083 0.848148 0.076042 0.227778
5 0.083594 0.842593 0.099479 0.200000
2 0.813542 0.800926 0.095833 0.357407
