0 0.371462 0.547917 0.068396 0.125000
0 0.445755 0.557292 0.075472 0.139583
0 0.366745 0.668750 0.042453 0.137500
0 0.410377 0.677083 0.044811 0.141667
1 0.462264 0.689583 0.058962 0.141667
1 0.321934 0.651042 0.047170 0.139583
1 0.512972 0.558333 0.058962 0.129167
2 0.570755 0.564583 0.054245 0.141667
2 0.511203 0.714583 0.048349 0.158333
2 0.287736 0.644792 0.033019 0.114583
3 0.616156 0.579167 0.036557 0.112500
3 0.554835 0.694792 0.045991 0.131250
4 0.642099 0.581250 0.020047 0.091667
4 0.591981 0.683333 0.037736 0.108333
5 0.665684 0.573958 0.020047 0.081250
5 0.620873 0.668750 0.038915 0.083333
6 0.642099 0.662500 0.020047 0.079167
7 0.661557 0.632292 0.023585 0.064583
