0 0.410677 0.419444 0.169271 0.305556
0 0.581250 0.401389 0.169792 0.326852
1 0.721615 0.368056 0.110937 0.313889
2 0.821615 0.359722 0.094271 0.343519
3 0.900000 0.373611 0.063542 0.267593
0 0.465885 0.796296 0.106771 0.270370
0 0.571615 0.790741 0.107813 0.274074
1 0.679688 0.790741 0.109375 0.294444
1 0.361719 0.817593 0.101562 0.296296
2 0.780990 0.779630 0.097396 0.368519
3 0.860156 0.755556 0.082812 0.298148
4 0.917448 0.739815 0.072396 0.242593
3 0.184375 0.824537 0.082292 0.282407
4 0.123177 0.829630 0.070312 0.225926
5 0.056510 0.822222 0.095312 0.198148
