0 0.413281 0.459722 0.167187 0.312037
0 0.582031 0.451852 0.171354 0.314815
1 0.273958 0.443981 0.108333 0.282407
1 0.726302 0.412500 0.111979 0.304630
2 0.833073 0.403704 0.098437 0.312963
2 0.177083 0.477315 0.085417 0.317593
3 0.109635 0.485185 0.050521 0.275926
3 0.913281 0.409722 0.063021 0.282407
0 0.455469 0.671296 0.097396 0.161111
0 0.555469 0.679630 0.102604 0.151852
1 0.664323 0.643056 0.113021 0.241667
1 0.355729 0.684259 0.105208 0.216667
2 0.770312 0.627778 0.097917 0.364815
2 0.254427 0.687963 0.099479 0.325926
3 0.856771 0.635185 0.089583 0.246296
3 0.174219 0.685185 0.073438 0.214815
4 0.922396 0.625926 0.065625 0.222222
4 0.114062 0.687500 0.046875 0.150926
5 0.053646 0.675926 0.066667 0.148148
