0 0.656840 0.657292 0.103774 0.197917
0 0.554245 0.663542 0.106132 0.185417
0 0.590212 0.838542 0.067217 0.181250
0 0.656250 0.844792 0.060142 0.189583
1 0.735259 0.648958 0.053066 0.147917
1 0.466981 0.647917 0.066038 0.145833
1 0.519458 0.840625 0.069575 0.197917
1 0.717571 0.842708 0.062500 0.189583
2 0.783608 0.660417 0.043632 0.150000
2 0.403302 0.654167 0.073113 0.158333
2 0.453420 0.834375 0.055425 0.181250
2 0.769458 0.847917 0.041274 0.175000
3 0.792453 0.818750 0.051887 0.158333
3 0.401533 0.809375 0.057783 0.147917
4 0.361439 0.789583 0.045991 0.120833
