0 0.413021 0.327778 0.178125 0.325926
0 0.594792 0.323611 0.180208 0.343519
1 0.264062 0.313889 0.118750 0.305556
1 0.742708 0.311574 0.118750 0.319444
2 0.158333 0.354167 0.095833 0.343519
2 0.853906 0.325463 0.101562 0.363889
3 0.081771 0.381944 0.061458 0.299074
3 0.938542 0.349537 0.063542 0.302778
0 0.496875 0.777778 0.111458 0.294444
0 0.610677 0.779630 0.114062 0.298148
1 0.387500 0.798611 0.113542 0.330556
1 0.723437 0.785185 0.108333 0.316667
2 0.279427 0.810648 0.102604 0.378704
3 0.188542 0.811574 0.088542 0.308333
4 0.122917 0.811111 0.075000 0.229630
5 0.056771 0.807870 0.097917 0.204630
