0 0.299528 0.457292 0.084906 0.143750
0 0.380307 0.473958 0.083726 0.152083
0 0.293632 0.591667 0.058962 0.150000
0 0.341981 0.612500 0.049528 0.154167
1 0.457547 0.469792 0.070755 0.131250
1 0.398585 0.622917 0.073113 0.150000
1 0.248821 0.576042 0.054245 0.147917
2 0.455189 0.647917 0.058962 0.154167
2 0.525943 0.488542 0.068396 0.152083
2 0.211675 0.558333 0.034198 0.120833
3 0.506486 0.626042 0.050708 0.127083
4 0.546580 0.608333 0.050708 0.087500
3 0.573703 0.497917 0.036557 0.120833
4 0.603774 0.503125 0.023585 0.093750
5 0.582547 0.596875 0.040094 0.081250
5 0.627948 0.496875 0.020047 0.068750
6 0.604953 0.596875 0.028302 0.081250
7 0.627358 0.567708 0.028302 0.064583
