0 0.398698 0.396296 0.169271 0.314815
0 0.571354 0.391667 0.173958 0.346296
1 0.261458 0.370833 0.107292 0.295370
1 0.720052 0.373148 0.123438 0.316667
2 0.165104 0.400463 0.083333 0.332407
2 0.836719 0.379630 0.109896 0.359259
3 0.929688 0.396296 0.073958 0.307407
3 0.102083 0.413889 0.046875 0.272222
0 0.436719 0.614815 0.095312 0.198148
0 0.546094 0.641204 0.115104 0.163889
1 0.660677 0.608796 0.110937 0.269444
1 0.336458 0.616204 0.094792 0.245370
2 0.769271 0.596759 0.105208 0.393519
2 0.236198 0.644907 0.104688 0.306481
3 0.866927 0.633333 0.090104 0.250000
3 0.160677 0.637037 0.077604 0.237037
4 0.102344 0.629167 0.047396 0.158333
4 0.936719 0.623611 0.067187 0.225000
