0 0.421094 0.434259 0.169271 0.312963
0 0.589844 0.418519 0.168229 0.324074
1 0.729167 0.378241 0.107292 0.313889
2 0.181510 0.453704 0.090104 0.333333
3 0.106510 0.481944 0.057813 0.265741
2 0.830469 0.370833 0.094271 0.341667
3 0.909896 0.385185 0.059375 0.277778
0 0.472656 0.810648 0.103646 0.267593
0 0.579948 0.807407 0.105729 0.268519
1 0.690365 0.803704 0.110937 0.288889
1 0.371615 0.833796 0.098437 0.300926
2 0.792188 0.793981 0.093750 0.365741
3 0.869531 0.771296 0.080729 0.309259
4 0.925260 0.754630 0.076563 0.246296
3 0.194531 0.831019 0.080729 0.273148
4 0.131250 0.835648 0.068750 0.219444
5 0.066146 0.828241 0.091667 0.195370
