0 0.409375 0.462500 0.170833 0.310185
0 0.580469 0.448148 0.168229 0.327778
1 0.719531 0.413889 0.107813 0.307407
1 0.270833 0.441667 0.105208 0.283333
2 0.824219 0.401852 0.102604 0.329630
2 0.175781 0.469907 0.086979 0.334259
3 0.910677 0.418056 0.067187 0.265741
0 0.449479 0.668056 0.102083 0.178704
0 0.553646 0.683333 0.100000 0.142593
1 0.659375 0.646759 0.108333 0.234259
1 0.350260 0.682407 0.098437 0.218519
2 0.766667 0.622685 0.100000 0.360185
2 0.250781 0.705556 0.098437 0.285185
3 0.851042 0.642130 0.083333 0.237963
3 0.171094 0.693056 0.072396 0.230556
4 0.917448 0.621296 0.068229 0.209259
4 0.109115 0.690741 0.050521 0.151852
5 0.054688 0.679630 0.077083 0.166667
