0 0.540684 0.666667 0.102594 0.187500
0 0.647995 0.667708 0.107311 0.197917
0 0.574292 0.848958 0.061321 0.193750
0 0.643278 0.854167 0.071934 0.183333
1 0.725825 0.645833 0.055425 0.154167
1 0.456958 0.652083 0.064858 0.150000
1 0.506486 0.848958 0.074292 0.202083
1 0.706958 0.851042 0.057783 0.189583
2 0.777123 0.658333 0.044811 0.162500
2 0.387382 0.667708 0.071934 0.152083
2 0.440448 0.841667 0.055425 0.170833
2 0.761792 0.858333 0.049528 0.170833
3 0.784788 0.816667 0.048349 0.145833
3 0.387382 0.815625 0.055425 0.147917
4 0.347288 0.796875 0.043632 0.122917
