0 0.415365 0.432870 0.168229 0.312037
0 0.583594 0.416204 0.168229 0.323148
1 0.723958 0.383333 0.110417 0.303704
1 0.275521 0.423611 0.109375 0.287963
2 0.825260 0.373148 0.092188 0.331481
3 0.905990 0.382407 0.060937 0.270370
0 0.470833 0.821296 0.104167 0.275926
0 0.576042 0.810648 0.105208 0.275000
1 0.684635 0.807870 0.110937 0.291667
1 0.369271 0.842130 0.100000 0.291667
2 0.789844 0.796759 0.095312 0.362037
3 0.868490 0.773611 0.082812 0.300926
4 0.926302 0.756019 0.074479 0.250926
3 0.189844 0.842593 0.079687 0.279630
4 0.126562 0.836111 0.063542 0.229630
5 0.063802 0.837963 0.092188 0.198148
