0 0.397135 0.402315 0.170313 0.312037
0 0.571094 0.397222 0.176563 0.331481
1 0.259115 0.374074 0.108854 0.285185
1 0.721875 0.380556 0.126042 0.311111
2 0.164583 0.404630 0.082292 0.338889
2 0.836979 0.384722 0.108333 0.349074
3 0.928125 0.404630 0.073958 0.307407
3 0.100260 0.418519 0.042188 0.277778
0 0.438021 0.605556 0.102083 0.224074
0 0.542188 0.643056 0.112500 0.167593
1 0.658073 0.610648 0.115104 0.273148
1 0.338802 0.609722 0.096354 0.260185
2 0.771354 0.610185 0.103125 0.379630
2 0.235417 0.648611 0.107292 0.306481
3 0.865365 0.635648 0.082812 0.247222
3 0.156250 0.643056 0.071875 0.228704
4 0.935417 0.623148 0.066667 0.231481
4 0.102344 0.637500 0.046354 0.167593
