0 0.567807 0.531250 0.086085 0.170833
0 0.653302 0.532292 0.084906 0.172917
0 0.594340 0.682292 0.054245 0.139583
0 0.647995 0.685417 0.060142 0.150000
1 0.714623 0.530208 0.044811 0.139583
1 0.496462 0.525000 0.061321 0.125000
1 0.536557 0.680208 0.061321 0.143750
1 0.701061 0.686458 0.048349 0.135417
2 0.755896 0.534375 0.035377 0.143750
2 0.741745 0.690625 0.035377 0.114583
2 0.437500 0.528125 0.063679 0.143750
2 0.480542 0.681250 0.050708 0.137500
3 0.780660 0.559375 0.018868 0.118750
3 0.761203 0.680208 0.036557 0.118750
3 0.433373 0.661458 0.055425 0.114583
3 0.395047 0.541667 0.028302 0.120833
4 0.395047 0.656250 0.042453 0.100000
5 0.366156 0.647917 0.031840 0.070833
