0 0.412500 0.462963 0.168750 0.305556
0 0.580729 0.447222 0.167708 0.329630
1 0.274740 0.448148 0.104688 0.281481
1 0.723177 0.420370 0.115104 0.309259
2 0.178385 0.476389 0.088021 0.319444
2 0.830469 0.399537 0.099479 0.336111
3 0.910937 0.415741 0.061458 0.272222
0 0.452604 0.668056 0.096875 0.186111
0 0.555208 0.686111 0.106250 0.148148
1 0.664583 0.642130 0.109375 0.262037
1 0.352865 0.675463 0.102604 0.226852
2 0.767708 0.623148 0.096875 0.370370
2 0.252344 0.700000 0.098437 0.316667
3 0.853646 0.640278 0.086458 0.241667
3 0.174219 0.689815 0.075521 0.227778
4 0.924740 0.638426 0.056771 0.189815
4 0.113281 0.685648 0.049479 0.176852
5 0.055469 0.680093 0.070312 0.156481
