0 0.560731 0.658333 0.102594 0.187500
0 0.662736 0.670833 0.103774 0.187500
1 0.736439 0.642708 0.055425 0.156250
1 0.477005 0.643750 0.067217 0.158333
2 0.784198 0.652083 0.042453 0.158333
2 0.408019 0.653125 0.070755 0.164583
0 0.593750 0.839583 0.064858 0.183333
0 0.659788 0.850000 0.069575 0.179167
1 0.722288 0.839583 0.053066 0.175000
1 0.524764 0.842708 0.075472 0.193750
2 0.770637 0.846875 0.045991 0.172917
2 0.459316 0.835417 0.050708 0.179167
3 0.791863 0.810417 0.050708 0.145833
3 0.408608 0.805208 0.055425 0.139583
4 0.369104 0.790625 0.047170 0.127083
