0 0.415885 0.476852 0.167187 0.309259
0 0.584115 0.461574 0.169271 0.326852
1 0.725000 0.431481 0.114583 0.300000
1 0.276823 0.459259 0.110937 0.281481
2 0.832812 0.418981 0.098958 0.337963
2 0.178906 0.487500 0.084896 0.330556
3 0.914583 0.441204 0.065625 0.267593
0 0.453125 0.668056 0.092708 0.195370
0 0.557031 0.700926 0.105729 0.151852
1 0.665625 0.643519 0.114583 0.277778
1 0.354948 0.691667 0.103646 0.233333
2 0.773177 0.638426 0.097396 0.365741
2 0.251823 0.701852 0.099479 0.327778
3 0.855990 0.657407 0.084896 0.242593
3 0.175781 0.702315 0.072396 0.237963
4 0.922135 0.639352 0.066146 0.217593
4 0.115625 0.700000 0.047917 0.168519
5 0.057031 0.695370 0.067187 0.155556
