0 0.411719 0.328704 0.177604 0.327778
0 0.590625 0.325000 0.180208 0.346296
1 0.263281 0.309259 0.116146 0.301852
1 0.741667 0.310185 0.118750 0.322222
2 0.157812 0.354167 0.091667 0.350926
2 0.854688 0.325000 0.101042 0.351852
3 0.080729 0.383333 0.060417 0.296296
3 0.937500 0.353704 0.063542 0.312963
1 0.380469 0.811574 0.108854 0.319444
1 0.715885 0.806944 0.110937 0.310185
2 0.272917 0.819444 0.105208 0.361111
2 0.823177 0.800463 0.098437 0.384259
3 0.185417 0.822222 0.091667 0.307407
4 0.120833 0.821759 0.080208 0.237963
5 0.047917 0.825000 0.092708 0.196296
