0 0.412760 0.391204 0.165104 0.310185
0 0.585156 0.393519 0.176563 0.320370
1 0.280990 0.372685 0.105729 0.293519
1 0.729948 0.370370 0.119271 0.298148
2 0.187500 0.404630 0.076042 0.324074
2 0.842708 0.371759 0.104167 0.332407
0 0.457031 0.607407 0.105729 0.170370
0 0.561719 0.624074 0.101562 0.150000
1 0.672396 0.588426 0.121875 0.260185
1 0.352344 0.592593 0.098437 0.255556
2 0.783594 0.576852 0.103646 0.374074
2 0.252604 0.631944 0.097917 0.330556
3 0.871615 0.603704 0.082812 0.266667
4 0.943750 0.604630 0.063542 0.222222
