0 0.403646 0.321296 0.179167 0.325926
0 0.583594 0.316667 0.179688 0.340741
1 0.255990 0.297222 0.119271 0.307407
1 0.732812 0.305556 0.119792 0.312963
2 0.148958 0.345833 0.100000 0.349074
2 0.844271 0.317130 0.104167 0.352778
3 0.071615 0.378704 0.057813 0.298148
3 0.929688 0.343519 0.065625 0.316667
0 0.481250 0.763889 0.107292 0.283333
0 0.596615 0.769907 0.123438 0.295370
1 0.712500 0.775463 0.106250 0.306481
1 0.371615 0.790741 0.109896 0.325926
2 0.263281 0.805093 0.101562 0.386111
3 0.178125 0.787500 0.089583 0.300926
4 0.110417 0.806481 0.072917 0.238889
5 0.048177 0.802315 0.094271 0.200926
