0 0.563679 0.529167 0.091981 0.166667
0 0.646816 0.528125 0.083726 0.181250
0 0.588443 0.679167 0.054245 0.137500
0 0.641509 0.680208 0.056604 0.135417
1 0.707547 0.526042 0.044811 0.139583
1 0.492335 0.528125 0.055425 0.118750
1 0.531250 0.679167 0.060142 0.145833
1 0.691627 0.681250 0.050708 0.141667
2 0.746462 0.539583 0.033019 0.137500
2 0.434552 0.530208 0.057783 0.131250
2 0.477005 0.684375 0.045991 0.139583
2 0.732901 0.691667 0.041274 0.112500
3 0.751769 0.679167 0.036557 0.116667
3 0.773585 0.558333 0.018868 0.104167
3 0.396816 0.542708 0.027123 0.110417
3 0.432783 0.660417 0.049528 0.120833
4 0.396226 0.658333 0.042453 0.104167
5 0.364387 0.645833 0.030660 0.087500
