0 0.555425 0.539583 0.080189 0.166667
0 0.636203 0.541667 0.083726 0.170833
0 0.579009 0.683333 0.047170 0.129167
0 0.632665 0.695833 0.057783 0.141667
1 0.698113 0.540625 0.044811 0.118750
1 0.488208 0.527083 0.051887 0.129167
1 0.525943 0.685417 0.056604 0.133333
1 0.681014 0.689583 0.048349 0.141667
2 0.737618 0.552083 0.034198 0.141667
2 0.432193 0.537500 0.053066 0.137500
2 0.472877 0.683333 0.047170 0.133333
2 0.722288 0.697917 0.038915 0.125000
3 0.741745 0.687500 0.040094 0.129167
3 0.393278 0.556250 0.024764 0.100000
3 0.428656 0.668750 0.055425 0.120833
3 0.761203 0.566667 0.017689 0.112500
4 0.394458 0.661458 0.038915 0.106250
5 0.364976 0.655208 0.036557 0.089583
