0 0.412760 0.328241 0.175521 0.317593
1 0.263281 0.306019 0.120313 0.302778
1 0.743490 0.301852 0.114062 0.316667
2 0.155729 0.338889 0.093750 0.368519
2 0.852865 0.316667 0.101562 0.364815
3 0.080469 0.381019 0.058854 0.306481
3 0.935677 0.343519 0.067187 0.318519
0 0.491667 0.783796 0.114583 0.282407
2 0.822656 0.790278 0.103646 0.380556
3 0.910156 0.785648 0.094271 0.321296
1 0.379948 0.799537 0.111979 0.319444
2 0.271094 0.813426 0.099479 0.367593
3 0.185677 0.815278 0.086979 0.315741
4 0.119792 0.812963 0.076042 0.233333
5 0.050521 0.812500 0.091667 0.202778
0 0.593490 0.319444 0.179688 0.346296
