0 0.296580 0.463542 0.081368 0.131250
0 0.378538 0.469792 0.087264 0.152083
0 0.293632 0.592708 0.049528 0.135417
0 0.341981 0.605208 0.054245 0.152083
1 0.457547 0.472917 0.070755 0.141667
1 0.245283 0.579167 0.051887 0.154167
1 0.399175 0.615625 0.064858 0.152083
2 0.455189 0.648958 0.054245 0.156250
2 0.521226 0.488542 0.066038 0.147917
2 0.209906 0.556250 0.028302 0.129167
3 0.503538 0.627083 0.054245 0.125000
3 0.574292 0.505208 0.042453 0.118750
4 0.545401 0.608333 0.043632 0.095833
4 0.604953 0.510417 0.018868 0.087500
5 0.577830 0.593750 0.044811 0.083333
5 0.629127 0.495833 0.031840 0.087500
6 0.603774 0.595833 0.028302 0.087500
7 0.626179 0.566667 0.030660 0.079167
