0 0.418490 0.330093 0.178646 0.325000
0 0.599740 0.325463 0.177604 0.352778
1 0.269792 0.315278 0.116667 0.295370
1 0.748958 0.310648 0.117708 0.323148
2 0.164583 0.362037 0.091667 0.351852
2 0.856771 0.325926 0.101042 0.353704
3 0.087240 0.387037 0.063021 0.301852
3 0.942448 0.351389 0.066146 0.308333
1 0.386458 0.812500 0.107292 0.315741
1 0.723958 0.802778 0.111458 0.307407
2 0.279427 0.819444 0.105729 0.361111
2 0.828906 0.802315 0.098437 0.384259
3 0.189844 0.814815 0.091146 0.301852
4 0.125521 0.815278 0.079167 0.243519
5 0.052344 0.823148 0.097396 0.211111
