0 0.310142 0.462500 0.077830 0.162500
0 0.394458 0.477083 0.086085 0.158333
0 0.307193 0.603125 0.048349 0.143750
0 0.356722 0.610417 0.048349 0.145833
1 0.468160 0.481250 0.063679 0.120833
1 0.412146 0.626042 0.064858 0.143750
1 0.260613 0.584375 0.042453 0.152083
2 0.531250 0.495833 0.062500 0.158333
2 0.225825 0.572917 0.031840 0.125000
2 0.465802 0.657292 0.058962 0.160417
3 0.514741 0.636458 0.050708 0.135417
3 0.583137 0.511458 0.038915 0.122917
4 0.554835 0.617708 0.043632 0.106250
4 0.612618 0.515625 0.027123 0.085417
5 0.586085 0.607292 0.049528 0.081250
6 0.613208 0.605208 0.030660 0.085417
5 0.639151 0.507292 0.021226 0.077083
7 0.631486 0.573958 0.027123 0.060417
