0 0.425000 0.399074 0.166667 0.309259
0 0.595052 0.395833 0.171354 0.317593
1 0.290365 0.379630 0.102604 0.279630
1 0.741406 0.375926 0.120313 0.314815
2 0.198958 0.412500 0.080208 0.321296
2 0.852865 0.381944 0.100521 0.334259
0 0.469271 0.775926 0.104167 0.264815
0 0.575781 0.777778 0.111979 0.274074
1 0.367969 0.787963 0.096354 0.294444
1 0.688802 0.788426 0.108854 0.289815
2 0.790104 0.786111 0.096875 0.362963
2 0.272396 0.805093 0.093750 0.360185
3 0.878385 0.773611 0.091146 0.302778
3 0.202865 0.781019 0.081771 0.275000
4 0.149479 0.784259 0.068750 0.233333
4 0.947396 0.767130 0.075000 0.247222
