0 0.413281 0.468981 0.166146 0.306481
0 0.582552 0.458796 0.169271 0.317593
1 0.275521 0.452778 0.108333 0.283333
1 0.723958 0.425463 0.112500 0.304630
2 0.830729 0.411111 0.100000 0.327778
2 0.181250 0.486574 0.089583 0.325000
3 0.913281 0.422685 0.065104 0.267593
0 0.454688 0.669444 0.094792 0.187037
0 0.555990 0.690278 0.103646 0.145370
1 0.665365 0.651852 0.111979 0.242593
1 0.354687 0.681481 0.104167 0.238889
2 0.772396 0.635185 0.098958 0.372222
2 0.253385 0.711111 0.096354 0.309259
3 0.858073 0.657407 0.086979 0.238889
3 0.176042 0.689352 0.072917 0.221296
4 0.921094 0.640278 0.067187 0.215741
4 0.114583 0.691204 0.052083 0.163889
5 0.058854 0.687963 0.073958 0.151852
