0 0.439844 0.430556 0.169271 0.309259
0 0.610938 0.414352 0.169792 0.337963
1 0.300000 0.420833 0.110417 0.282407
1 0.749740 0.387500 0.109896 0.302778
2 0.850781 0.374074 0.089063 0.333333
3 0.926302 0.387963 0.063021 0.275926
0 0.499479 0.822685 0.109375 0.273148
0 0.608333 0.817593 0.110417 0.277778
1 0.395052 0.844907 0.101562 0.297222
1 0.715885 0.815741 0.108854 0.285185
2 0.814063 0.798611 0.098958 0.356481
3 0.214583 0.848148 0.081250 0.281481
4 0.154167 0.848148 0.071875 0.222222
5 0.083333 0.838426 0.096875 0.193519
