0 0.470519 0.486458 0.075472 0.143750
0 0.400354 0.475000 0.069575 0.129167
0 0.393868 0.592708 0.040094 0.127083
0 0.438679 0.606250 0.044811 0.137500
1 0.487028 0.622917 0.047170 0.133333
1 0.351415 0.583333 0.047170 0.133333
1 0.534198 0.484375 0.054245 0.122917
2 0.317217 0.570833 0.033019 0.112500
2 0.532429 0.636458 0.043632 0.147917
2 0.590212 0.494792 0.053066 0.139583
3 0.576061 0.622917 0.041274 0.120833
3 0.633844 0.513542 0.034198 0.114583
4 0.607901 0.616667 0.034198 0.095833
4 0.657429 0.514583 0.022406 0.091667
5 0.675708 0.510417 0.021226 0.083333
5 0.636792 0.603125 0.030660 0.089583
6 0.655071 0.603125 0.022406 0.077083
7 0.673939 0.578125 0.024764 0.060417
