0 0.422917 0.390741 0.164583 0.301852
0 0.594271 0.390741 0.173958 0.307407
1 0.289844 0.369907 0.101562 0.282407
1 0.737760 0.370833 0.116146 0.299074
2 0.199740 0.401852 0.078646 0.329630
2 0.848437 0.373148 0.100000 0.337037
3 0.934635 0.390278 0.070312 0.300926
0 0.470313 0.737500 0.103125 0.262037
0 0.576302 0.742130 0.105729 0.275000
1 0.368229 0.754630 0.097917 0.296296
1 0.685417 0.752778 0.106250 0.285185
2 0.271354 0.774074 0.096875 0.370370
2 0.790625 0.753704 0.104167 0.372222
3 0.203906 0.747222 0.078646 0.275926
3 0.879948 0.737963 0.088021 0.298148
4 0.154167 0.748611 0.070833 0.234259
4 0.947656 0.728704 0.071354 0.242593
