0 0.489387 0.628125 0.106132 0.181250
0 0.593750 0.627083 0.107311 0.208333
1 0.675118 0.616667 0.060142 0.145833
1 0.405071 0.617708 0.067217 0.143750
2 0.728774 0.622917 0.047170 0.150000
2 0.338443 0.629167 0.073113 0.166667
0 0.522406 0.811458 0.063679 0.181250
0 0.594340 0.817708 0.080189 0.185417
1 0.655660 0.811458 0.061321 0.185417
1 0.452830 0.822917 0.073113 0.208333
2 0.709906 0.822917 0.049528 0.183333
2 0.385613 0.809375 0.054245 0.189583
3 0.741156 0.789583 0.045991 0.145833
3 0.336675 0.781250 0.055425 0.137500
4 0.301297 0.759375 0.041274 0.122917
