0 0.410156 0.331481 0.179688 0.324074
0 0.590885 0.321759 0.181771 0.352778
1 0.261979 0.315278 0.117708 0.297222
1 0.740104 0.309722 0.117708 0.325000
2 0.849740 0.325000 0.101562 0.355556
2 0.154948 0.352778 0.093229 0.346296
3 0.079427 0.381481 0.058854 0.296296
3 0.935417 0.351389 0.063542 0.308333
0 0.490885 0.785185 0.115104 0.292593
2 0.822656 0.791667 0.098437 0.383333
1 0.379167 0.802778 0.110417 0.322222
2 0.269531 0.813426 0.102604 0.373148
3 0.186979 0.818056 0.088542 0.304630
4 0.119010 0.814815 0.077604 0.238889
5 0.048958 0.815278 0.091667 0.210185
