0 0.397135 0.400926 0.172396 0.312963
0 0.570833 0.398148 0.173958 0.337037
1 0.260417 0.372685 0.105208 0.293519
1 0.719792 0.378241 0.123958 0.313889
2 0.167187 0.400926 0.081250 0.342593
2 0.835938 0.384722 0.108333 0.356481
3 0.928385 0.400463 0.073438 0.293519
3 0.101042 0.411574 0.048958 0.287963
0 0.436458 0.610648 0.095833 0.206481
0 0.542188 0.643519 0.116667 0.161111
1 0.658594 0.613426 0.109896 0.262037
1 0.336719 0.620370 0.099479 0.240741
2 0.767708 0.612037 0.108333 0.387037
2 0.233333 0.648148 0.105208 0.305556
3 0.864062 0.634722 0.086458 0.250926
3 0.157552 0.638426 0.072396 0.230556
4 0.937500 0.631944 0.065625 0.217593
4 0.100521 0.637500 0.052083 0.156481
