0 0.414844 0.389815 0.164062 0.312963
0 0.584896 0.384259 0.171875 0.314815
1 0.282552 0.369444 0.099479 0.270370
1 0.729427 0.362500 0.115104 0.299074
2 0.190885 0.400926 0.084896 0.324074
2 0.839583 0.367593 0.103125 0.342593
3 0.928125 0.386111 0.073958 0.288889
0 0.461458 0.737500 0.103125 0.267593
0 0.569531 0.739352 0.109896 0.263889
1 0.359115 0.745833 0.099479 0.299074
1 0.676302 0.746759 0.106771 0.293519
2 0.263542 0.772222 0.090625 0.368519
2 0.782813 0.743056 0.103125 0.362037
3 0.196094 0.745370 0.077604 0.272222
3 0.871354 0.732870 0.086458 0.299074
4 0.143750 0.746759 0.068750 0.232407
4 0.938802 0.727315 0.078646 0.247222
