0 0.572524 0.592708 0.112028 0.193750
0 0.464033 0.581250 0.109670 0.208333
1 0.657429 0.572917 0.062500 0.150000
1 0.376179 0.572917 0.066038 0.166667
2 0.712264 0.582292 0.042453 0.156250
2 0.308373 0.586458 0.069575 0.168750
0 0.495873 0.781250 0.069575 0.200000
0 0.569575 0.785417 0.077830 0.200000
1 0.636792 0.776042 0.063679 0.210417
1 0.425708 0.786458 0.080189 0.214583
2 0.691627 0.789583 0.053066 0.179167
2 0.357311 0.778125 0.056604 0.189583
3 0.726415 0.752083 0.049528 0.150000
3 0.305425 0.744792 0.056604 0.143750
4 0.268278 0.729167 0.038915 0.116667
