0 0.419010 0.389815 0.170313 0.307407
0 0.589063 0.387037 0.163542 0.327778
1 0.733594 0.364352 0.115104 0.317593
1 0.279427 0.373148 0.101562 0.288889
2 0.189062 0.403241 0.079167 0.328704
2 0.844531 0.371759 0.106771 0.337963
0 0.461198 0.614352 0.102604 0.150926
0 0.563281 0.621759 0.101562 0.150926
1 0.358854 0.606019 0.102083 0.236111
1 0.674479 0.584259 0.111458 0.266667
2 0.259635 0.631481 0.095312 0.296296
2 0.784635 0.581944 0.102604 0.352778
3 0.876563 0.605556 0.090625 0.255556
4 0.945833 0.599074 0.070833 0.233333
