0 0.411979 0.325463 0.176042 0.321296
0 0.591146 0.318981 0.181250 0.347222
1 0.743229 0.305556 0.118750 0.316667
1 0.264844 0.309259 0.115104 0.294444
2 0.160156 0.344907 0.095312 0.354630
2 0.851823 0.321759 0.099479 0.349074
3 0.082812 0.380556 0.061458 0.288889
3 0.936979 0.351852 0.064583 0.311111
0 0.490104 0.782407 0.110417 0.285185
0 0.604688 0.788426 0.117708 0.297222
1 0.380469 0.800463 0.107813 0.321296
2 0.272396 0.813426 0.109375 0.367593
3 0.185156 0.807870 0.092188 0.308333
4 0.118750 0.815278 0.072917 0.243519
5 0.049740 0.811574 0.097396 0.200926
