0 0.412500 0.331481 0.179167 0.322222
0 0.592969 0.319444 0.175521 0.357407
1 0.264323 0.311111 0.119271 0.305556
1 0.741406 0.315278 0.119271 0.312037
2 0.157552 0.351852 0.091146 0.355556
2 0.853385 0.320833 0.101562 0.354630
3 0.082292 0.383796 0.060417 0.300926
3 0.936979 0.345370 0.060417 0.314815
1 0.379948 0.811574 0.114062 0.319444
1 0.716927 0.803241 0.107813 0.312037
2 0.271615 0.817130 0.102604 0.365741
2 0.823177 0.799537 0.100521 0.378704
3 0.184635 0.818056 0.090104 0.299074
4 0.119271 0.818519 0.078125 0.238889
5 0.052865 0.816204 0.099479 0.206481
