0 0.502948 0.637500 0.104953 0.195833
0 0.610849 0.643750 0.115566 0.208333
1 0.691038 0.625000 0.058962 0.158333
1 0.415684 0.630208 0.067217 0.152083
2 0.347288 0.635417 0.074292 0.158333
2 0.747052 0.633333 0.050708 0.158333
0 0.539505 0.830208 0.069575 0.206250
0 0.609080 0.834375 0.067217 0.197917
1 0.672759 0.822917 0.069575 0.195833
1 0.464623 0.832292 0.077830 0.214583
2 0.728774 0.831250 0.049528 0.187500
2 0.397995 0.828125 0.057783 0.185417
3 0.758255 0.795833 0.049528 0.137500
3 0.347288 0.794792 0.055425 0.152083
4 0.310142 0.771875 0.047170 0.118750
