0 0.390920 0.503125 0.090802 0.147917
0 0.309552 0.486458 0.074292 0.131250
0 0.304245 0.617708 0.047170 0.143750
0 0.354953 0.634375 0.054245 0.139583
1 0.467571 0.505208 0.064858 0.114583
1 0.413325 0.648958 0.064858 0.152083
1 0.257075 0.608333 0.044811 0.145833
2 0.221698 0.593750 0.035377 0.133333
2 0.530660 0.515625 0.061321 0.152083
2 0.465212 0.669792 0.057783 0.164583
3 0.515920 0.653125 0.053066 0.118750
3 0.580778 0.531250 0.041274 0.100000
4 0.556014 0.637500 0.036557 0.108333
4 0.613208 0.531250 0.023585 0.091667
5 0.586675 0.627083 0.043632 0.079167
5 0.636203 0.527083 0.029481 0.070833
6 0.615566 0.622917 0.025943 0.083333
7 0.635024 0.592708 0.034198 0.068750
