0 0.310142 0.461458 0.077830 0.147917
0 0.390920 0.472917 0.088443 0.166667
0 0.304245 0.597917 0.044811 0.133333
0 0.352594 0.607292 0.049528 0.147917
1 0.467571 0.470833 0.064858 0.133333
1 0.408019 0.622917 0.066038 0.145833
1 0.260024 0.578125 0.048349 0.147917
2 0.529481 0.488542 0.058962 0.143750
2 0.467571 0.653125 0.053066 0.156250
2 0.222877 0.560417 0.030660 0.125000
3 0.579599 0.507292 0.036557 0.118750
3 0.515330 0.631250 0.049528 0.129167
4 0.610849 0.510417 0.023585 0.087500
4 0.553066 0.614583 0.049528 0.091667
5 0.636792 0.508333 0.030660 0.079167
5 0.588443 0.604167 0.042453 0.083333
6 0.612028 0.597917 0.023585 0.087500
7 0.635613 0.573958 0.035377 0.089583
