0 0.545991 0.665625 0.103774 0.189583
0 0.652123 0.662500 0.108491 0.208333
1 0.729953 0.647917 0.054245 0.154167
1 0.462854 0.652083 0.067217 0.158333
2 0.782429 0.663542 0.045991 0.152083
2 0.392689 0.659375 0.073113 0.164583
0 0.581958 0.851042 0.069575 0.181250
0 0.653302 0.857292 0.070755 0.193750
1 0.712264 0.853125 0.056604 0.185417
1 0.512382 0.852083 0.071934 0.200000
2 0.765920 0.862500 0.048349 0.179167
2 0.445755 0.844792 0.058962 0.177083
3 0.788915 0.819792 0.049528 0.139583
3 0.392099 0.812500 0.060142 0.141667
4 0.353774 0.796875 0.047170 0.118750
