0 0.408854 0.413889 0.167708 0.314815
0 0.578125 0.400463 0.167708 0.326852
1 0.718490 0.364352 0.109896 0.302778
2 0.819792 0.352315 0.091667 0.337963
3 0.897396 0.366204 0.061458 0.282407
0 0.465104 0.791204 0.105208 0.269444
0 0.571875 0.786574 0.105208 0.271296
1 0.679688 0.786111 0.109375 0.292593
1 0.361979 0.813889 0.103125 0.301852
2 0.780469 0.772685 0.094271 0.371296
3 0.859375 0.752778 0.084375 0.309259
4 0.917969 0.739815 0.079687 0.251852
3 0.183073 0.818981 0.082812 0.278704
4 0.123698 0.818056 0.071354 0.228704
5 0.057552 0.813889 0.092188 0.201852
