0 0.411458 0.326852 0.181250 0.324074
0 0.592969 0.325000 0.174479 0.351852
1 0.264583 0.307407 0.117708 0.305556
1 0.741667 0.307870 0.120833 0.315741
2 0.158594 0.350926 0.097396 0.348148
2 0.853125 0.320833 0.100000 0.354630
3 0.079427 0.383333 0.063021 0.288889
3 0.934896 0.353704 0.063542 0.307407
0 0.488021 0.785648 0.112500 0.286111
0 0.604427 0.797685 0.118229 0.312037
1 0.378385 0.800926 0.108854 0.316667
2 0.272656 0.813889 0.099479 0.372222
3 0.183854 0.810648 0.092708 0.306481
4 0.115625 0.816204 0.080208 0.260185
5 0.051302 0.815741 0.101562 0.203704
2 0.823438 0.793981 0.098958 0.382407
