0 0.557783 0.650000 0.101415 0.208333
0 0.660967 0.653125 0.104953 0.202083
0 0.589623 0.838542 0.063679 0.181250
0 0.656840 0.839583 0.068396 0.191667
1 0.735849 0.635417 0.054245 0.166667
1 0.473467 0.640625 0.067217 0.156250
1 0.521226 0.836458 0.073113 0.197917
1 0.718160 0.843750 0.056604 0.191667
2 0.405071 0.658333 0.069575 0.154167
2 0.784788 0.654167 0.043632 0.141667
2 0.773585 0.846875 0.047170 0.172917
2 0.454599 0.829167 0.055425 0.170833
3 0.402712 0.800000 0.060142 0.133333
3 0.791274 0.814583 0.056604 0.150000
4 0.365566 0.784375 0.049528 0.114583
