0 0.413802 0.474074 0.165104 0.320370
0 0.582812 0.465741 0.171875 0.320370
1 0.726562 0.437037 0.111458 0.303704
1 0.277865 0.460648 0.106771 0.293519
2 0.831250 0.423611 0.095833 0.319444
2 0.179427 0.493519 0.090104 0.324074
3 0.911719 0.436574 0.066146 0.273148
0 0.452604 0.672685 0.096875 0.187963
0 0.555208 0.701852 0.105208 0.153704
1 0.665104 0.664352 0.114583 0.236111
1 0.351823 0.696296 0.101562 0.235185
2 0.771875 0.643981 0.094792 0.369444
2 0.253906 0.720833 0.095312 0.308333
3 0.857552 0.655093 0.084896 0.237963
3 0.174479 0.708796 0.069792 0.234259
4 0.921354 0.643056 0.067708 0.230556
4 0.114062 0.709722 0.051042 0.163889
5 0.053906 0.698611 0.070312 0.167593
