0 0.540094 0.660417 0.103774 0.187500
0 0.646226 0.663542 0.106132 0.202083
0 0.573113 0.844792 0.061321 0.185417
0 0.644458 0.852083 0.069575 0.187500
1 0.721108 0.652083 0.057783 0.150000
1 0.453420 0.648958 0.067217 0.164583
1 0.504127 0.851042 0.074292 0.197917
1 0.705778 0.846875 0.060142 0.181250
2 0.774764 0.662500 0.044811 0.150000
2 0.383255 0.662500 0.073113 0.150000
2 0.756486 0.854167 0.045991 0.179167
2 0.436910 0.841667 0.060142 0.179167
3 0.780071 0.816667 0.055425 0.145833
3 0.386203 0.809375 0.055425 0.152083
4 0.343750 0.791667 0.043632 0.116667
