0 0.415625 0.328241 0.183333 0.321296
0 0.598437 0.318056 0.179167 0.350926
1 0.266146 0.306019 0.117708 0.308333
1 0.742969 0.307870 0.118229 0.317593
2 0.160156 0.353241 0.098437 0.343519
2 0.854948 0.320833 0.104688 0.362037
3 0.083073 0.385185 0.058854 0.294444
3 0.938802 0.350463 0.063021 0.308333
0 0.495833 0.771296 0.115625 0.292593
0 0.608073 0.778241 0.110937 0.297222
1 0.384375 0.789815 0.107292 0.324074
1 0.721875 0.778241 0.114583 0.312037
2 0.275260 0.810185 0.107813 0.379630
3 0.189323 0.806481 0.086979 0.305556
4 0.125521 0.812500 0.078125 0.237963
5 0.055729 0.806481 0.098958 0.203704
