0 0.419010 0.330093 0.182812 0.321296
0 0.598958 0.319444 0.176042 0.353704
1 0.268750 0.306944 0.116667 0.304630
1 0.746615 0.309259 0.119271 0.325926
2 0.161979 0.357870 0.098958 0.347222
2 0.857552 0.323148 0.101562 0.355556
3 0.083594 0.382407 0.056771 0.298148
3 0.942448 0.349537 0.067187 0.306481
1 0.385937 0.808333 0.112500 0.318519
1 0.722917 0.801389 0.106250 0.308333
2 0.276042 0.817130 0.104167 0.365741
2 0.827344 0.802778 0.101562 0.385185
3 0.191406 0.823611 0.086979 0.313889
4 0.124479 0.815741 0.080208 0.233333
5 0.053385 0.824074 0.102604 0.209259
