0 0.494693 0.644792 0.104953 0.185417
0 0.602594 0.639583 0.110849 0.200000
0 0.530071 0.832292 0.062500 0.202083
0 0.599057 0.834375 0.075472 0.197917
1 0.687500 0.628125 0.056604 0.147917
1 0.409198 0.628125 0.068396 0.152083
1 0.460495 0.831250 0.079009 0.208333
1 0.667453 0.832292 0.063679 0.197917
2 0.742925 0.638542 0.047170 0.152083
2 0.341392 0.636458 0.067217 0.160417
2 0.726415 0.836458 0.047170 0.193750
2 0.389741 0.825000 0.053066 0.179167
3 0.754127 0.798958 0.050708 0.147917
3 0.340212 0.793750 0.057783 0.137500
4 0.303656 0.777083 0.045991 0.120833
