0 0.495283 0.636458 0.103774 0.185417
0 0.604363 0.641667 0.107311 0.183333
0 0.531840 0.821875 0.068396 0.181250
0 0.604363 0.827083 0.071934 0.191667
1 0.686321 0.622917 0.058962 0.166667
1 0.409788 0.618750 0.071934 0.166667
1 0.460495 0.822917 0.074292 0.195833
1 0.663915 0.826042 0.063679 0.202083
2 0.739976 0.634375 0.045991 0.164583
2 0.341392 0.638542 0.074292 0.147917
2 0.392689 0.822917 0.058962 0.183333
2 0.722288 0.837500 0.053066 0.179167
3 0.750000 0.797917 0.051887 0.141667
3 0.340802 0.788542 0.054245 0.143750
4 0.301887 0.769792 0.047170 0.122917
