0 0.311910 0.515625 0.074292 0.131250
0 0.391509 0.516667 0.082547 0.166667
0 0.306014 0.642708 0.050708 0.143750
0 0.357311 0.654167 0.051887 0.150000
1 0.414505 0.668750 0.062500 0.154167
1 0.465212 0.519792 0.064858 0.122917
1 0.260613 0.629167 0.040094 0.154167
2 0.530660 0.535417 0.063679 0.145833
2 0.465212 0.697917 0.053066 0.154167
2 0.227005 0.609375 0.031840 0.118750
3 0.580778 0.548958 0.036557 0.122917
3 0.515330 0.672917 0.054245 0.120833
4 0.553656 0.656250 0.043632 0.100000
4 0.607901 0.551042 0.022406 0.085417
5 0.635024 0.538542 0.027123 0.072917
5 0.590802 0.648958 0.047170 0.089583
6 0.612618 0.634375 0.024764 0.081250
7 0.630896 0.602083 0.030660 0.062500
