0 0.411198 0.326389 0.175521 0.325000
0 0.590885 0.319444 0.178646 0.346296
1 0.263281 0.305556 0.118229 0.296296
1 0.741146 0.300463 0.116667 0.325000
2 0.156771 0.350000 0.098958 0.346296
2 0.851302 0.318519 0.103646 0.361111
3 0.077865 0.377778 0.058854 0.294444
3 0.937760 0.347685 0.066146 0.313889
0 0.490885 0.787037 0.109896 0.288889
1 0.383594 0.802778 0.113021 0.322222
2 0.822656 0.792130 0.109896 0.387963
2 0.272135 0.810185 0.108854 0.364815
3 0.183333 0.817593 0.085417 0.301852
3 0.911719 0.791204 0.097396 0.339815
4 0.118750 0.819907 0.077083 0.236111
5 0.048438 0.817593 0.093750 0.205556
