0 0.403125 0.453704 0.166667 0.305556
0 0.573958 0.440741 0.175000 0.338889
1 0.716667 0.411111 0.112500 0.307407
1 0.266667 0.438889 0.103125 0.292593
2 0.822135 0.396759 0.095312 0.330556
2 0.171354 0.464815 0.090625 0.327778
3 0.903646 0.413426 0.069792 0.262037
0 0.445573 0.652315 0.095312 0.195370
0 0.546354 0.678704 0.106250 0.148148
1 0.657552 0.639815 0.113021 0.240741
1 0.342448 0.663426 0.100521 0.250926
2 0.763802 0.618981 0.096354 0.367593
2 0.244010 0.683796 0.096354 0.317593
3 0.849219 0.637037 0.083854 0.235185
3 0.166927 0.681944 0.075521 0.225000
4 0.914062 0.621296 0.063542 0.220370
4 0.105990 0.687037 0.046354 0.174074
5 0.047656 0.673148 0.070312 0.148148
