0 0.564858 0.526042 0.087264 0.172917
0 0.650943 0.529167 0.084906 0.179167
0 0.591392 0.681250 0.060142 0.133333
0 0.647995 0.682292 0.053066 0.143750
1 0.712264 0.532292 0.040094 0.122917
1 0.495283 0.516667 0.056604 0.141667
1 0.534198 0.677083 0.056604 0.150000
1 0.699882 0.672917 0.048349 0.141667
2 0.751179 0.541667 0.040094 0.141667
2 0.435142 0.530208 0.063679 0.135417
2 0.479953 0.672917 0.054245 0.141667
2 0.737618 0.691667 0.036557 0.116667
3 0.761203 0.680208 0.034198 0.114583
3 0.778302 0.561458 0.023585 0.110417
3 0.395637 0.534375 0.027123 0.118750
3 0.431604 0.662500 0.054245 0.112500
4 0.396816 0.651042 0.038915 0.093750
5 0.366156 0.641667 0.034198 0.079167
