0 0.406771 0.325463 0.177083 0.312037
0 0.584896 0.320833 0.179167 0.343519
1 0.258333 0.307870 0.120833 0.299074
1 0.734635 0.305093 0.119271 0.317593
2 0.152344 0.352778 0.097396 0.346296
2 0.848958 0.320370 0.106250 0.355556
3 0.074479 0.381019 0.059375 0.297222
3 0.933333 0.348148 0.063542 0.301852
0 0.485938 0.769907 0.112500 0.289815
0 0.599219 0.772222 0.117188 0.294444
1 0.373177 0.789815 0.105729 0.318519
1 0.713281 0.780093 0.110937 0.323148
2 0.266146 0.808796 0.106250 0.382407
3 0.180729 0.806019 0.087500 0.317593
4 0.114062 0.806944 0.080208 0.237963
5 0.047917 0.806944 0.094792 0.197222
