0 0.395052 0.401389 0.168229 0.321296
0 0.569531 0.396759 0.177604 0.339815
1 0.719531 0.387963 0.118229 0.307407
1 0.259896 0.376852 0.104167 0.290741
2 0.833854 0.389352 0.110417 0.350926
2 0.167187 0.403704 0.084375 0.348148
0 0.436198 0.613426 0.093229 0.208333
0 0.538281 0.648611 0.106771 0.165741
1 0.655729 0.612500 0.122917 0.271296
1 0.337760 0.621296 0.103646 0.244444
2 0.770312 0.602315 0.101042 0.402778
2 0.232813 0.651852 0.106250 0.303704
3 0.861979 0.637963 0.084375 0.244444
3 0.155990 0.645370 0.071354 0.233333
4 0.932552 0.626389 0.073438 0.226852
4 0.099219 0.638426 0.044271 0.158333
3 0.927604 0.397685 0.073958 0.299074
3 0.103125 0.418981 0.051042 0.271296
