0 0.382075 0.477083 0.087264 0.154167
0 0.303066 0.465625 0.080189 0.147917
0 0.298939 0.605208 0.050708 0.139583
0 0.349646 0.613542 0.048349 0.147917
1 0.459906 0.471875 0.068396 0.135417
1 0.403302 0.619792 0.066038 0.147917
1 0.251769 0.585417 0.043632 0.150000
2 0.522995 0.487500 0.062500 0.158333
2 0.458137 0.656250 0.057783 0.162500
2 0.215802 0.567708 0.030660 0.127083
3 0.574292 0.511458 0.040094 0.118750
3 0.508844 0.633333 0.048349 0.137500
4 0.547759 0.617708 0.048349 0.110417
4 0.606132 0.514583 0.025943 0.083333
5 0.633844 0.506250 0.029481 0.079167
5 0.585495 0.605208 0.043632 0.077083
6 0.607311 0.605208 0.025943 0.081250
7 0.629717 0.575000 0.030660 0.075000
