0 0.420833 0.408333 0.163542 0.301852
0 0.591667 0.404167 0.169792 0.325000
1 0.286458 0.384259 0.101042 0.283333
1 0.737500 0.379630 0.113542 0.305556
2 0.195312 0.420370 0.082292 0.314815
2 0.845573 0.381019 0.105729 0.347222
3 0.935677 0.407870 0.074479 0.262037
0 0.464583 0.633796 0.106250 0.158333
0 0.565625 0.636574 0.100000 0.152778
1 0.363281 0.629630 0.099479 0.225926
1 0.674219 0.608333 0.111979 0.250000
2 0.264844 0.649537 0.096354 0.300926
2 0.782813 0.601389 0.102083 0.360185
3 0.876563 0.626852 0.082292 0.246296
4 0.946615 0.624537 0.066146 0.225000
