0 0.564269 0.652083 0.100236 0.187500
0 0.665684 0.652083 0.097877 0.195833
1 0.482901 0.634375 0.062500 0.156250
1 0.737618 0.642708 0.050708 0.147917
0 0.596698 0.831250 0.066038 0.179167
0 0.663915 0.838542 0.063679 0.177083
1 0.720519 0.833333 0.056604 0.170833
1 0.530071 0.833333 0.067217 0.195833
2 0.783608 0.650000 0.041274 0.150000
2 0.415094 0.655208 0.068396 0.152083
2 0.466392 0.822917 0.053066 0.170833
2 0.773585 0.843750 0.047170 0.179167
3 0.413915 0.789583 0.051887 0.141667
3 0.791863 0.803125 0.050708 0.139583
4 0.375000 0.778125 0.047170 0.114583
