0 0.397135 0.401389 0.172396 0.319444
0 0.571875 0.394444 0.175000 0.337037
1 0.261458 0.373611 0.107292 0.293519
1 0.721354 0.380093 0.119792 0.308333
2 0.167448 0.401852 0.086979 0.340741
2 0.834375 0.381019 0.107292 0.362037
3 0.926562 0.398148 0.077083 0.294444
3 0.102604 0.412500 0.045833 0.278704
0 0.435937 0.612500 0.100000 0.208333
0 0.546615 0.643981 0.108854 0.165741
1 0.660417 0.613426 0.116667 0.267593
1 0.336719 0.619907 0.099479 0.247222
2 0.771875 0.601389 0.101042 0.386111
2 0.232552 0.647222 0.103646 0.307407
3 0.865885 0.633333 0.091146 0.248148
3 0.158594 0.640741 0.077604 0.233333
4 0.935677 0.618981 0.070312 0.230556
4 0.103646 0.633333 0.052083 0.181481
