0 0.410417 0.462963 0.169792 0.305556
0 0.581771 0.448611 0.170833 0.326852
1 0.721354 0.418981 0.107292 0.304630
1 0.272396 0.443056 0.108333 0.286111
2 0.826823 0.401389 0.098437 0.330556
2 0.176563 0.471759 0.086458 0.328704
3 0.909375 0.414352 0.067708 0.269444
3 0.107292 0.484722 0.054167 0.275000
0 0.449219 0.666667 0.095312 0.181481
0 0.553646 0.681019 0.100000 0.141667
1 0.661458 0.641204 0.112500 0.254630
1 0.350781 0.672685 0.098437 0.232407
2 0.768490 0.615278 0.098437 0.369444
2 0.251823 0.706481 0.099479 0.303704
3 0.855729 0.639352 0.085417 0.254630
3 0.172656 0.691667 0.072396 0.233333
4 0.917708 0.625000 0.065625 0.216667
4 0.114062 0.683796 0.053125 0.175000
5 0.052344 0.685648 0.067187 0.156481
