0 0.407031 0.481019 0.167187 0.310185
0 0.577344 0.458333 0.168229 0.333333
1 0.719531 0.432407 0.109896 0.311111
1 0.270313 0.456019 0.104167 0.286111
2 0.176042 0.485648 0.083333 0.326852
2 0.824740 0.416667 0.102604 0.342593
3 0.908594 0.435185 0.066146 0.268519
3 0.104427 0.505093 0.055729 0.273148
0 0.446875 0.685185 0.096875 0.177778
0 0.549740 0.699537 0.098437 0.154630
1 0.656250 0.667593 0.114583 0.238889
1 0.348438 0.696759 0.103125 0.221296
2 0.766146 0.642593 0.104167 0.374074
2 0.250000 0.709722 0.096875 0.330556
3 0.851823 0.660185 0.085938 0.238889
4 0.915625 0.641667 0.069792 0.227778
3 0.171094 0.711111 0.070312 0.209259
4 0.109375 0.705093 0.050000 0.180556
5 0.050781 0.694444 0.067187 0.170370
