0 0.429427 0.397222 0.160938 0.309259
0 0.598958 0.397222 0.169792 0.309259
1 0.294271 0.379630 0.101042 0.279630
1 0.742708 0.369907 0.119792 0.299074
2 0.202604 0.405556 0.082292 0.307407
2 0.853906 0.369444 0.098437 0.338889
3 0.939323 0.401389 0.073438 0.275000
0 0.476042 0.771759 0.100000 0.262037
0 0.580990 0.775463 0.109896 0.267593
1 0.374219 0.789352 0.101562 0.300926
1 0.689323 0.783333 0.105729 0.294444
2 0.793229 0.781019 0.102083 0.367593
2 0.276042 0.802778 0.094792 0.364815
3 0.883854 0.767593 0.087500 0.314815
3 0.207031 0.779167 0.076563 0.289815
4 0.951823 0.762963 0.074479 0.248148
4 0.157552 0.774074 0.067187 0.222222
