0 0.464033 0.596875 0.104953 0.197917
0 0.571344 0.590625 0.107311 0.218750
1 0.653302 0.579167 0.063679 0.170833
1 0.378538 0.587500 0.066038 0.154167
2 0.712854 0.588542 0.048349 0.177083
2 0.307193 0.602083 0.076651 0.162500
0 0.498231 0.782292 0.067217 0.181250
0 0.565448 0.791667 0.069575 0.187500
1 0.633844 0.787500 0.064858 0.200000
1 0.426297 0.797917 0.076651 0.212500
2 0.690448 0.796875 0.050708 0.189583
2 0.360849 0.788542 0.054245 0.177083
3 0.722288 0.764583 0.043632 0.145833
3 0.311321 0.755208 0.058962 0.143750
4 0.272995 0.733333 0.043632 0.120833
