0 0.417448 0.327778 0.179688 0.322222
0 0.598177 0.320833 0.179688 0.343519
1 0.269271 0.309259 0.115625 0.301852
1 0.749479 0.308796 0.119792 0.319444
2 0.162500 0.351389 0.096875 0.349074
2 0.858073 0.320833 0.101562 0.356481
3 0.085156 0.381019 0.056771 0.295370
3 0.940625 0.353241 0.060417 0.313889
0 0.498437 0.774074 0.113542 0.287037
0 0.610938 0.777315 0.114583 0.295370
1 0.387500 0.789815 0.108333 0.318519
2 0.277344 0.809259 0.105729 0.381481
3 0.191927 0.807407 0.094271 0.311111
4 0.127083 0.810185 0.077083 0.238889
5 0.057031 0.809722 0.094271 0.204630
