0 0.330189 0.526042 0.075472 0.160417
0 0.410377 0.543750 0.082547 0.170833
0 0.327241 0.659375 0.043632 0.143750
0 0.373231 0.672917 0.050708 0.154167
1 0.483491 0.540625 0.061321 0.143750
1 0.426887 0.681250 0.068396 0.145833
1 0.284198 0.648958 0.040094 0.147917
2 0.248231 0.638542 0.031840 0.110417
2 0.544222 0.558333 0.060142 0.154167
2 0.482901 0.716667 0.048349 0.158333
3 0.591392 0.575000 0.038915 0.116667
3 0.529481 0.691667 0.047170 0.125000
4 0.619104 0.565625 0.025943 0.097917
4 0.566038 0.678125 0.042453 0.106250
5 0.601415 0.662500 0.040094 0.087500
6 0.620873 0.655208 0.024764 0.077083
7 0.643868 0.628125 0.028302 0.064583
5 0.643278 0.564583 0.024764 0.091667
