0 0.407813 0.387963 0.161458 0.307407
0 0.577865 0.388426 0.168229 0.325000
1 0.273177 0.370370 0.106771 0.281481
1 0.722396 0.365741 0.121875 0.301852
2 0.181250 0.403704 0.077083 0.318519
2 0.830469 0.368981 0.099479 0.343519
3 0.923438 0.397685 0.075000 0.263889
0 0.451042 0.748148 0.100000 0.272222
0 0.558854 0.747222 0.112500 0.270370
1 0.351562 0.760648 0.100000 0.297222
1 0.671094 0.756481 0.108854 0.287037
2 0.255208 0.772222 0.089583 0.368519
2 0.776563 0.758333 0.101042 0.370370
3 0.187500 0.752778 0.079167 0.296296
3 0.862760 0.742130 0.089063 0.302778
4 0.132812 0.760648 0.072917 0.228704
4 0.928906 0.737037 0.075521 0.242593
