0 0.395313 0.397222 0.169792 0.314815
0 0.568490 0.392593 0.174479 0.338889
1 0.719010 0.379167 0.124479 0.315741
1 0.258073 0.369444 0.108854 0.288889
2 0.835417 0.379167 0.109375 0.347222
2 0.164844 0.397685 0.084896 0.336111
3 0.924479 0.400463 0.071875 0.287963
3 0.099740 0.415278 0.043229 0.271296
0 0.542448 0.638889 0.105729 0.162963
0 0.434896 0.611574 0.096875 0.210185
1 0.655469 0.607870 0.115104 0.269444
1 0.335677 0.615278 0.098437 0.250926
2 0.766146 0.597685 0.105208 0.393519
2 0.231250 0.643519 0.106250 0.314815
3 0.862760 0.633796 0.090104 0.254630
3 0.154688 0.634259 0.071875 0.233333
4 0.932813 0.624074 0.072917 0.211111
4 0.099740 0.635648 0.046354 0.160185
