0 0.413542 0.325926 0.177083 0.327778
0 0.593490 0.319907 0.176563 0.341667
1 0.265104 0.306019 0.120833 0.300926
1 0.743229 0.307407 0.118750 0.322222
2 0.158333 0.350926 0.092708 0.348148
2 0.853906 0.317130 0.102604 0.358333
3 0.082031 0.380556 0.059896 0.294444
3 0.938802 0.344907 0.063021 0.312037
0 0.493490 0.776389 0.110937 0.297222
0 0.608073 0.778704 0.114062 0.296296
1 0.381771 0.796759 0.109375 0.325000
2 0.273177 0.809259 0.101562 0.381481
3 0.186979 0.811111 0.086458 0.314815
4 0.121094 0.810185 0.075521 0.244444
5 0.052083 0.809259 0.095833 0.216667
