0 0.439844 0.431481 0.166146 0.309259
0 0.609635 0.414815 0.170313 0.325926
1 0.300781 0.420833 0.111979 0.282407
1 0.749479 0.382870 0.110417 0.306481
2 0.850260 0.372685 0.092188 0.341667
3 0.927083 0.388889 0.061458 0.268519
0 0.497917 0.824074 0.107292 0.275926
0 0.605208 0.819907 0.107292 0.271296
1 0.395313 0.843981 0.101042 0.293519
1 0.714323 0.813426 0.110937 0.289815
2 0.811979 0.799537 0.095833 0.362037
3 0.215104 0.848148 0.083333 0.281481
4 0.150781 0.847222 0.067187 0.235185
5 0.088021 0.842593 0.103125 0.194444
