0 0.577830 0.677083 0.094340 0.175000
0 0.672759 0.679167 0.095519 0.183333
0 0.609670 0.843750 0.058962 0.166667
0 0.670401 0.850000 0.067217 0.166667
1 0.744104 0.668750 0.049528 0.137500
1 0.499410 0.661458 0.062500 0.143750
1 0.545401 0.844792 0.071934 0.185417
1 0.727594 0.846875 0.056604 0.177083
2 0.784788 0.682292 0.043632 0.122917
2 0.433373 0.676042 0.067217 0.143750
2 0.775943 0.848958 0.047170 0.164583
2 0.482901 0.834375 0.048349 0.160417
3 0.433962 0.807292 0.051887 0.143750
3 0.793042 0.818750 0.050708 0.133333
4 0.395047 0.798958 0.054245 0.114583
