0 0.566038 0.652083 0.099057 0.187500
0 0.666274 0.651042 0.096698 0.206250
0 0.597288 0.834375 0.062500 0.181250
0 0.663915 0.836458 0.070755 0.177083
1 0.739387 0.645833 0.051887 0.137500
1 0.482311 0.639583 0.068396 0.150000
1 0.724057 0.829167 0.051887 0.183333
1 0.530660 0.833333 0.068396 0.191667
2 0.772406 0.843750 0.042453 0.179167
2 0.467571 0.830208 0.057783 0.172917
2 0.420991 0.654167 0.063679 0.141667
2 0.787736 0.653125 0.044811 0.156250
3 0.416274 0.792708 0.054245 0.131250
3 0.793042 0.803125 0.045991 0.139583
4 0.377948 0.778125 0.048349 0.106250
