0 0.408073 0.457870 0.168229 0.304630
0 0.578125 0.445370 0.169792 0.327778
1 0.271094 0.440278 0.102604 0.275000
1 0.720313 0.414815 0.111458 0.303704
2 0.175781 0.470833 0.086979 0.325000
2 0.824219 0.397685 0.095312 0.337963
3 0.908594 0.410648 0.068229 0.262037
0 0.448177 0.656019 0.093229 0.193519
0 0.550000 0.679630 0.107292 0.144444
1 0.660937 0.644444 0.111458 0.233333
1 0.348438 0.675000 0.103125 0.220370
2 0.766927 0.615278 0.095312 0.369444
2 0.248698 0.691667 0.096354 0.316667
3 0.852604 0.638889 0.084375 0.233333
3 0.168229 0.686574 0.067708 0.191667
4 0.916406 0.618056 0.071354 0.221296
4 0.110156 0.683333 0.048438 0.153704
5 0.050781 0.674537 0.069271 0.145370
