0 0.415885 0.477778 0.166146 0.312963
0 0.584635 0.467130 0.168229 0.326852
1 0.725781 0.437963 0.113021 0.296296
1 0.278906 0.463889 0.109896 0.290741
2 0.829948 0.416667 0.095312 0.344444
2 0.182552 0.493519 0.083854 0.333333
3 0.910677 0.437037 0.067187 0.277778
0 0.456250 0.685185 0.098958 0.172222
0 0.559635 0.700463 0.102604 0.145370
1 0.354167 0.693981 0.103125 0.232407
1 0.669271 0.663889 0.115625 0.251852
2 0.254427 0.721759 0.096354 0.304630
2 0.771875 0.646759 0.095833 0.369444
3 0.858854 0.655093 0.085417 0.243519
3 0.176563 0.702315 0.071875 0.228704
4 0.923177 0.639352 0.071354 0.226852
4 0.117188 0.702315 0.051042 0.195370
5 0.056771 0.697222 0.072917 0.164815
