0 0.662146 0.666667 0.104953 0.187500
0 0.561321 0.662500 0.101415 0.200000
0 0.595519 0.844792 0.063679 0.177083
0 0.660967 0.850000 0.067217 0.179167
1 0.735259 0.653125 0.050708 0.152083
1 0.479953 0.651042 0.061321 0.152083
1 0.527123 0.844792 0.073113 0.202083
1 0.714623 0.844792 0.058962 0.177083
2 0.785377 0.656250 0.044811 0.150000
2 0.769458 0.851042 0.045991 0.168750
2 0.410377 0.662500 0.073113 0.150000
2 0.462854 0.830208 0.057783 0.168750
3 0.409788 0.805208 0.057783 0.139583
3 0.792453 0.811458 0.047170 0.135417
4 0.371462 0.788542 0.042453 0.122917
