0 0.416146 0.323148 0.179167 0.322222
0 0.598698 0.315278 0.176563 0.349074
1 0.267969 0.307870 0.117188 0.299074
1 0.747656 0.300926 0.119271 0.322222
2 0.159115 0.349074 0.100521 0.340741
2 0.858333 0.315741 0.101042 0.350000
3 0.941146 0.340741 0.064583 0.305556
3 0.081771 0.378241 0.060417 0.284259
0 0.495312 0.766667 0.111458 0.290741
0 0.607812 0.768519 0.111458 0.287037
1 0.718490 0.778241 0.104688 0.306481
1 0.385677 0.788426 0.107813 0.321296
2 0.279167 0.807407 0.105208 0.385185
3 0.190885 0.798148 0.091146 0.316667
4 0.123177 0.804167 0.078646 0.232407
5 0.056510 0.799537 0.100521 0.206481
