0 0.414844 0.328704 0.181771 0.324074
0 0.594010 0.324537 0.174479 0.343519
1 0.265365 0.317130 0.114062 0.291667
1 0.741146 0.312037 0.126042 0.318519
2 0.161198 0.356944 0.097396 0.343519
2 0.854688 0.325926 0.100000 0.357407
3 0.082031 0.384259 0.059896 0.288889
3 0.938281 0.350000 0.061979 0.303704
0 0.491406 0.788426 0.107813 0.291667
0 0.603646 0.794444 0.109375 0.298148
1 0.381510 0.803241 0.109896 0.321296
3 0.910677 0.789352 0.089063 0.328704
2 0.272396 0.816667 0.103125 0.366667
3 0.186979 0.818056 0.092708 0.304630
4 0.123177 0.816667 0.082812 0.235185
5 0.050521 0.812500 0.095833 0.195370
