0 0.559552 0.661458 0.097877 0.181250
0 0.661557 0.661458 0.101415 0.206250
0 0.593750 0.845833 0.062500 0.175000
0 0.659788 0.850000 0.071934 0.179167
1 0.735849 0.651042 0.054245 0.147917
1 0.477594 0.651042 0.066038 0.147917
1 0.524764 0.845833 0.073113 0.170833
1 0.721698 0.841667 0.056604 0.179167
2 0.771226 0.853125 0.047170 0.172917
2 0.459906 0.834375 0.054245 0.164583
2 0.408608 0.663542 0.069575 0.152083
3 0.783608 0.662500 0.045991 0.137500
3 0.791274 0.813542 0.047170 0.143750
3 0.407429 0.807292 0.060142 0.139583
4 0.369104 0.784375 0.051887 0.118750
