0 0.420312 0.390278 0.169792 0.302778
0 0.592448 0.386111 0.171354 0.314815
1 0.287500 0.368519 0.100000 0.277778
1 0.735938 0.368519 0.112500 0.307407
2 0.195833 0.400463 0.083333 0.323148
2 0.844271 0.366204 0.104167 0.337963
3 0.934115 0.390278 0.074479 0.271296
0 0.468490 0.735648 0.105729 0.262037
0 0.576042 0.736574 0.109375 0.275000
1 0.363802 0.750000 0.098437 0.300000
1 0.685677 0.745370 0.106771 0.283333
2 0.791406 0.743519 0.098437 0.362963
2 0.267448 0.772685 0.095312 0.367593
3 0.876563 0.743056 0.088542 0.319444
3 0.200781 0.742593 0.081771 0.277778
4 0.945833 0.730556 0.071875 0.240741
4 0.149740 0.745370 0.069271 0.227778
