0 0.571344 0.652083 0.097877 0.183333
0 0.666863 0.660417 0.097877 0.187500
0 0.605542 0.832292 0.060142 0.168750
0 0.668042 0.838542 0.062500 0.177083
1 0.742335 0.654167 0.050708 0.133333
1 0.488797 0.644792 0.064858 0.143750
1 0.537736 0.833333 0.073113 0.183333
1 0.724646 0.832292 0.055425 0.185417
2 0.787146 0.659375 0.041274 0.143750
2 0.426297 0.660417 0.067217 0.141667
2 0.475236 0.822917 0.054245 0.175000
2 0.774175 0.839583 0.043632 0.162500
3 0.792453 0.802083 0.051887 0.137500
3 0.425708 0.798958 0.054245 0.135417
4 0.386792 0.778125 0.044811 0.118750
