0 0.554835 0.544792 0.079009 0.156250
0 0.637382 0.542708 0.083726 0.168750
0 0.581368 0.691667 0.051887 0.137500
0 0.634434 0.691667 0.056604 0.137500
1 0.698703 0.545833 0.045991 0.116667
1 0.488208 0.531250 0.051887 0.125000
1 0.525354 0.686458 0.057783 0.143750
1 0.683962 0.696875 0.049528 0.131250
2 0.737028 0.553125 0.035377 0.143750
2 0.433373 0.544792 0.062500 0.143750
2 0.472288 0.688542 0.045991 0.139583
2 0.721698 0.698958 0.035377 0.122917
3 0.741156 0.683333 0.036557 0.120833
3 0.762382 0.570833 0.022406 0.112500
3 0.395637 0.556250 0.027123 0.116667
3 0.430425 0.666667 0.051887 0.116667
4 0.392689 0.667708 0.035377 0.097917
5 0.367925 0.654167 0.035377 0.079167
