0 0.492335 0.630208 0.104953 0.189583
0 0.600825 0.631250 0.109670 0.200000
1 0.679835 0.618750 0.060142 0.145833
1 0.409198 0.615625 0.066038 0.168750
2 0.734670 0.630208 0.044811 0.152083
2 0.340802 0.632292 0.070755 0.152083
0 0.527123 0.819792 0.061321 0.189583
0 0.596698 0.821875 0.080189 0.181250
1 0.660377 0.817708 0.061321 0.185417
1 0.458137 0.826042 0.074292 0.202083
2 0.715212 0.829167 0.050708 0.179167
2 0.391509 0.815625 0.061321 0.189583
3 0.745283 0.791667 0.049528 0.141667
3 0.341981 0.783333 0.056604 0.145833
4 0.304835 0.769792 0.041274 0.122917
