0 0.394792 0.396296 0.167708 0.322222
0 0.570833 0.394907 0.179167 0.347222
1 0.257552 0.369907 0.107813 0.308333
1 0.721615 0.381944 0.120313 0.312037
2 0.835156 0.382870 0.108854 0.349074
2 0.164062 0.402315 0.082292 0.343519
3 0.101823 0.417593 0.045312 0.290741
3 0.926302 0.400463 0.075521 0.300926
0 0.435937 0.613426 0.100000 0.204630
0 0.542708 0.644907 0.109375 0.160185
1 0.655990 0.610648 0.110937 0.273148
1 0.333594 0.618981 0.093229 0.239815
2 0.770312 0.604167 0.106250 0.393519
2 0.232813 0.647222 0.104167 0.314815
3 0.864323 0.635648 0.086979 0.239815
3 0.157552 0.640741 0.073438 0.235185
4 0.934896 0.626389 0.067708 0.228704
4 0.102083 0.637500 0.041667 0.163889
