0 0.411719 0.321296 0.179688 0.320370
0 0.592187 0.315741 0.181250 0.340741
1 0.261719 0.306019 0.117188 0.300926
1 0.741406 0.303241 0.113021 0.312037
2 0.153906 0.345833 0.094271 0.352778
2 0.849740 0.316667 0.097396 0.368519
3 0.076302 0.376389 0.058854 0.287963
3 0.931250 0.340741 0.062500 0.316667
0 0.600781 0.781019 0.114062 0.297222
0 0.487760 0.780093 0.111979 0.291667
1 0.378646 0.799074 0.112500 0.320370
3 0.909635 0.780093 0.094271 0.315741
2 0.270052 0.813889 0.103646 0.372222
3 0.183333 0.811111 0.089583 0.301852
4 0.116667 0.811574 0.073958 0.250926
5 0.049479 0.812500 0.090625 0.195370
