0 0.405469 0.460185 0.166146 0.314815
0 0.575260 0.447685 0.170313 0.330556
1 0.268229 0.448148 0.108333 0.281481
1 0.716406 0.418981 0.113021 0.306481
2 0.823958 0.406944 0.095833 0.341667
2 0.171615 0.472222 0.084896 0.327778
3 0.905990 0.418056 0.064062 0.273148
0 0.446615 0.668981 0.094271 0.171296
0 0.549219 0.683796 0.105729 0.149074
1 0.656250 0.647222 0.106250 0.259259
1 0.347917 0.677315 0.104167 0.239815
2 0.762760 0.625463 0.100521 0.363889
2 0.246094 0.688426 0.095312 0.330556
3 0.850781 0.644907 0.085938 0.230556
3 0.164583 0.681481 0.070833 0.227778
4 0.917708 0.623148 0.065625 0.216667
4 0.106510 0.693519 0.047396 0.166667
5 0.054948 0.679630 0.075521 0.150000
