0 0.475825 0.430208 0.079009 0.147917
0 0.406250 0.421875 0.064858 0.127083
0 0.402123 0.541667 0.047170 0.137500
0 0.448113 0.553125 0.044811 0.139583
1 0.494693 0.561458 0.050708 0.143750
1 0.359670 0.528125 0.037736 0.131250
2 0.326061 0.522917 0.038915 0.120833
2 0.538915 0.587500 0.040094 0.150000
1 0.541863 0.435417 0.050708 0.129167
2 0.594340 0.447917 0.051887 0.137500
3 0.577830 0.571875 0.040094 0.114583
3 0.633844 0.465625 0.031840 0.114583
4 0.658608 0.467708 0.020047 0.089583
5 0.679835 0.467708 0.022406 0.093750
4 0.609080 0.571875 0.038915 0.097917
5 0.640920 0.560417 0.034198 0.075000
6 0.657429 0.554167 0.022406 0.062500
7 0.673349 0.539583 0.023585 0.075000
