0 0.404167 0.458796 0.171875 0.306481
0 0.575521 0.446296 0.166667 0.333333
1 0.266146 0.442130 0.104167 0.293519
1 0.716146 0.412500 0.111458 0.308333
2 0.821875 0.397222 0.096875 0.331481
2 0.171875 0.473611 0.083333 0.326852
3 0.903125 0.419444 0.066667 0.275926
0 0.444271 0.662037 0.094792 0.185185
0 0.547135 0.682407 0.104688 0.140741
1 0.344531 0.678704 0.100521 0.237037
1 0.654948 0.649074 0.105729 0.238889
2 0.758854 0.624074 0.103125 0.366667
2 0.243229 0.686111 0.094792 0.344444
3 0.848177 0.647222 0.088021 0.248148
3 0.168229 0.681481 0.072917 0.233333
4 0.914323 0.626852 0.068229 0.229630
4 0.105208 0.688889 0.050000 0.170370
5 0.049219 0.669907 0.073438 0.169444
