0 0.410938 0.452315 0.168750 0.310185
0 0.583073 0.443056 0.175521 0.328704
1 0.727344 0.413426 0.109896 0.293519
1 0.273698 0.435185 0.105729 0.296296
2 0.176302 0.469444 0.083854 0.327778
2 0.831250 0.393056 0.095833 0.343519
3 0.915365 0.414352 0.064062 0.269444
3 0.112500 0.485185 0.053125 0.270370
0 0.451042 0.654630 0.098958 0.190741
0 0.555208 0.675463 0.108333 0.152778
1 0.664844 0.641667 0.109896 0.259259
1 0.352083 0.674537 0.095833 0.228704
2 0.771615 0.604630 0.098437 0.396296
2 0.253125 0.699537 0.098958 0.300926
3 0.858854 0.640278 0.082292 0.236111
3 0.171875 0.675000 0.076042 0.218519
4 0.923698 0.625463 0.061979 0.212037
4 0.114062 0.688889 0.050000 0.159259
5 0.056250 0.678241 0.072917 0.149074
