0 0.313679 0.518750 0.073113 0.141667
0 0.391509 0.529167 0.087264 0.166667
0 0.309552 0.645833 0.050708 0.133333
0 0.357901 0.665625 0.048349 0.156250
1 0.466981 0.517708 0.068396 0.143750
1 0.413915 0.677083 0.063679 0.141667
1 0.261203 0.634375 0.038915 0.152083
2 0.531250 0.537500 0.062500 0.150000
2 0.467571 0.700000 0.055425 0.150000
2 0.228184 0.617708 0.029481 0.127083
3 0.583726 0.555208 0.037736 0.122917
3 0.517689 0.680208 0.051887 0.127083
4 0.551887 0.658333 0.044811 0.100000
4 0.609670 0.558333 0.023585 0.095833
5 0.633255 0.542708 0.023585 0.072917
5 0.586675 0.647917 0.043632 0.083333
6 0.612618 0.641667 0.029481 0.083333
7 0.632075 0.612500 0.033019 0.062500
