0 0.492925 0.629167 0.106132 0.187500
0 0.595519 0.633333 0.106132 0.183333
1 0.678656 0.607292 0.060142 0.156250
1 0.406840 0.613542 0.066038 0.152083
2 0.732901 0.628125 0.053066 0.152083
2 0.337264 0.620833 0.068396 0.175000
0 0.525943 0.813542 0.063679 0.189583
0 0.594929 0.821875 0.076651 0.181250
1 0.658019 0.813542 0.061321 0.185417
1 0.455778 0.817708 0.079009 0.193750
2 0.712264 0.826042 0.049528 0.189583
2 0.389741 0.812500 0.055425 0.183333
3 0.741156 0.784375 0.048349 0.143750
3 0.340212 0.780208 0.057783 0.135417
4 0.304245 0.758333 0.042453 0.116667
