0 0.485259 0.631250 0.109670 0.191667
0 0.591392 0.632292 0.104953 0.189583
1 0.673349 0.606250 0.063679 0.166667
1 0.400943 0.617708 0.058962 0.147917
2 0.725825 0.636458 0.045991 0.131250
2 0.337854 0.636458 0.074292 0.143750
0 0.517689 0.812500 0.061321 0.183333
0 0.586085 0.814583 0.070755 0.191667
1 0.652123 0.816667 0.063679 0.195833
1 0.448703 0.820833 0.069575 0.200000
2 0.384434 0.813542 0.051887 0.181250
2 0.708726 0.830208 0.047170 0.177083
3 0.735259 0.785417 0.055425 0.133333
3 0.332547 0.785417 0.056604 0.137500
4 0.297759 0.764583 0.048349 0.112500
