0 0.414583 0.330556 0.181250 0.320370
0 0.595052 0.325463 0.175521 0.341667
1 0.266146 0.316667 0.112500 0.298148
1 0.743490 0.312963 0.121354 0.311111
2 0.161198 0.350463 0.097396 0.349074
2 0.855729 0.325000 0.102083 0.355556
3 0.937240 0.352778 0.059896 0.305556
3 0.081771 0.390278 0.061458 0.284259
0 0.491667 0.781481 0.108333 0.294444
0 0.602865 0.784259 0.107813 0.300000
1 0.381510 0.801852 0.111979 0.318519
2 0.272396 0.814815 0.100000 0.364815
3 0.185417 0.814352 0.085417 0.300926
4 0.119531 0.811111 0.081771 0.240741
5 0.051823 0.813889 0.094271 0.200000
