0 0.436979 0.439352 0.169792 0.315741
0 0.604948 0.420833 0.167187 0.330556
1 0.297135 0.428704 0.109896 0.283333
1 0.744792 0.390278 0.110417 0.306481
2 0.848177 0.379167 0.093229 0.337963
3 0.925000 0.396759 0.057292 0.276852
0 0.495312 0.833333 0.104167 0.272222
0 0.602865 0.826852 0.110937 0.268519
1 0.393490 0.852315 0.101562 0.295370
1 0.714323 0.824537 0.108854 0.286111
3 0.213542 0.851852 0.083333 0.268519
4 0.150260 0.856481 0.070312 0.216667
5 0.082031 0.851389 0.093229 0.193519
2 0.811979 0.807407 0.095833 0.351852
