0 0.474646 0.631250 0.104953 0.200000
0 0.579599 0.630208 0.104953 0.202083
1 0.661557 0.607292 0.063679 0.160417
1 0.388561 0.623958 0.067217 0.143750
2 0.322524 0.632292 0.074292 0.152083
2 0.717571 0.626042 0.045991 0.152083
0 0.507075 0.822917 0.068396 0.183333
0 0.579009 0.817708 0.077830 0.193750
1 0.640920 0.819792 0.062500 0.193750
1 0.433373 0.821875 0.069575 0.197917
2 0.697524 0.826042 0.050708 0.177083
2 0.372052 0.811458 0.053066 0.185417
3 0.725825 0.785417 0.053066 0.145833
3 0.323703 0.780208 0.057783 0.143750
4 0.286557 0.764583 0.044811 0.116667
