0 0.410156 0.392593 0.164062 0.307407
0 0.579688 0.393981 0.176042 0.315741
1 0.276562 0.371296 0.104167 0.285185
1 0.724219 0.363889 0.113021 0.301852
2 0.184635 0.400463 0.079687 0.323148
2 0.835677 0.371759 0.109896 0.343519
3 0.926562 0.396759 0.071875 0.276852
0 0.459896 0.687037 0.100000 0.277778
0 0.565625 0.691667 0.111458 0.290741
1 0.361198 0.706019 0.095312 0.304630
1 0.677083 0.700926 0.108333 0.298148
2 0.784896 0.697222 0.104167 0.385185
2 0.263542 0.720833 0.096875 0.371296
3 0.873177 0.690278 0.089063 0.304630
3 0.194792 0.710185 0.079167 0.287037
4 0.146094 0.715741 0.070312 0.227778
4 0.938542 0.695370 0.073958 0.251852
