0 0.407031 0.460648 0.167187 0.304630
0 0.573177 0.446296 0.161979 0.327778
1 0.713281 0.414815 0.116146 0.309259
1 0.268490 0.444444 0.109896 0.283333
2 0.820833 0.397685 0.098958 0.337963
2 0.171875 0.474074 0.086458 0.333333
3 0.903906 0.411111 0.065104 0.270370
0 0.444271 0.650926 0.094792 0.188889
0 0.546875 0.677778 0.104167 0.148148
1 0.347656 0.677778 0.103646 0.229630
1 0.656250 0.643056 0.106250 0.241667
2 0.761979 0.623611 0.098958 0.367593
2 0.246354 0.682407 0.097917 0.329630
3 0.846615 0.638426 0.084896 0.243519
3 0.165885 0.687500 0.068229 0.225000
4 0.912500 0.621759 0.069792 0.219444
4 0.106771 0.687037 0.051042 0.166667
5 0.048438 0.679630 0.073958 0.146296
