0 0.484670 0.630208 0.106132 0.193750
0 0.589623 0.632292 0.106132 0.193750
1 0.670991 0.627083 0.058962 0.137500
1 0.399764 0.615625 0.066038 0.164583
2 0.724057 0.626042 0.047170 0.160417
2 0.330189 0.629167 0.068396 0.162500
0 0.514151 0.819792 0.061321 0.189583
0 0.587264 0.821875 0.080189 0.181250
1 0.650943 0.811458 0.061321 0.185417
1 0.446344 0.820833 0.074292 0.200000
2 0.708137 0.828125 0.048349 0.177083
2 0.381486 0.812500 0.055425 0.170833
3 0.737028 0.789583 0.049528 0.145833
3 0.331958 0.782292 0.055425 0.131250
4 0.294811 0.763542 0.040094 0.114583
