0 0.405208 0.457870 0.166667 0.315741
0 0.572396 0.443056 0.166667 0.323148
1 0.714844 0.415278 0.116146 0.308333
1 0.266667 0.442593 0.106250 0.285185
2 0.170573 0.476389 0.085938 0.315741
2 0.821875 0.398148 0.100000 0.333333
3 0.905469 0.416204 0.063021 0.280556
0 0.444792 0.651852 0.093750 0.200000
0 0.546875 0.675463 0.107292 0.152778
1 0.654427 0.631481 0.106771 0.253704
1 0.344531 0.662963 0.103646 0.248148
2 0.760156 0.625463 0.105729 0.369444
2 0.244010 0.687963 0.094271 0.331481
3 0.848437 0.638889 0.084375 0.233333
3 0.164583 0.681481 0.067708 0.238889
4 0.918229 0.629167 0.057292 0.213889
4 0.105990 0.687963 0.049479 0.161111
5 0.048698 0.675926 0.063021 0.153704
