0 0.542453 0.541667 0.084906 0.158333
0 0.622052 0.546875 0.083726 0.156250
0 0.564858 0.680208 0.049528 0.127083
0 0.616745 0.686458 0.051887 0.143750
1 0.678656 0.548958 0.041274 0.110417
1 0.477005 0.534375 0.050708 0.131250
1 0.515330 0.683333 0.056604 0.133333
1 0.663325 0.680208 0.048349 0.114583
2 0.716981 0.552083 0.037736 0.133333
2 0.424528 0.541667 0.056604 0.133333
2 0.462854 0.681250 0.041274 0.129167
2 0.703420 0.694792 0.031840 0.118750
3 0.725825 0.683333 0.034198 0.108333
3 0.743514 0.568750 0.020047 0.104167
3 0.387382 0.551042 0.024764 0.110417
3 0.420991 0.664583 0.044811 0.108333
4 0.385613 0.660417 0.040094 0.087500
5 0.360259 0.652083 0.031840 0.079167
