0 0.411979 0.329630 0.177083 0.320370
0 0.592448 0.319444 0.180729 0.359259
1 0.268229 0.307407 0.116667 0.305556
1 0.743229 0.307407 0.119792 0.324074
2 0.852344 0.317130 0.099479 0.363889
2 0.162500 0.354167 0.100000 0.343519
3 0.936458 0.347222 0.065625 0.311111
3 0.081510 0.380556 0.058854 0.290741
0 0.493490 0.787037 0.116146 0.296296
0 0.605208 0.785648 0.108333 0.282407
1 0.381510 0.803241 0.108854 0.321296
2 0.827865 0.796759 0.106771 0.382407
2 0.275260 0.814352 0.103646 0.367593
3 0.185938 0.812963 0.090625 0.316667
4 0.121615 0.814815 0.078646 0.244444
5 0.049740 0.819907 0.086979 0.187963
3 0.906510 0.781481 0.085938 0.305556
