0 0.527712 0.547917 0.074292 0.150000
0 0.601415 0.550000 0.073113 0.150000
0 0.551297 0.683333 0.050708 0.120833
0 0.599057 0.683333 0.049528 0.129167
1 0.658019 0.551042 0.040094 0.114583
1 0.466392 0.538542 0.048349 0.118750
1 0.643278 0.686458 0.048349 0.122917
1 0.500000 0.678125 0.054245 0.131250
2 0.695755 0.555208 0.037736 0.135417
2 0.415684 0.551042 0.055425 0.127083
2 0.451061 0.688542 0.043632 0.131250
2 0.681014 0.693750 0.031840 0.116667
3 0.721698 0.573958 0.021226 0.106250
3 0.383255 0.558333 0.023585 0.100000
3 0.701061 0.682292 0.036557 0.106250
3 0.413915 0.669792 0.047170 0.110417
4 0.382665 0.659375 0.034198 0.093750
5 0.356722 0.658333 0.034198 0.079167
