0 0.419531 0.396296 0.168229 0.314815
0 0.590625 0.395370 0.170833 0.307407
1 0.283854 0.379630 0.097917 0.287037
1 0.735677 0.372685 0.116146 0.304630
2 0.192188 0.407407 0.079167 0.325926
2 0.844010 0.373611 0.097396 0.354630
2 0.787240 0.586574 0.094271 0.360185
2 0.259115 0.628241 0.100521 0.334259
1 0.361458 0.609722 0.096875 0.234259
1 0.675781 0.591204 0.105729 0.260185
0 0.461719 0.622222 0.099479 0.155556
0 0.565365 0.625463 0.105729 0.163889
3 0.877865 0.608333 0.081771 0.261111
4 0.948698 0.608796 0.065104 0.230556
