0 0.556014 0.541667 0.081368 0.166667
0 0.636792 0.543750 0.080189 0.162500
0 0.580778 0.691667 0.050708 0.150000
0 0.633844 0.692708 0.050708 0.131250
1 0.697524 0.543750 0.043632 0.129167
1 0.489387 0.535417 0.051887 0.129167
1 0.526533 0.687500 0.057783 0.145833
1 0.681604 0.690625 0.047170 0.143750
2 0.737028 0.555208 0.037736 0.143750
2 0.432783 0.542708 0.056604 0.139583
2 0.475236 0.683333 0.047170 0.129167
2 0.724057 0.704167 0.037736 0.125000
3 0.761203 0.576042 0.022406 0.106250
3 0.744693 0.688542 0.034198 0.118750
3 0.396226 0.552083 0.025943 0.120833
3 0.429835 0.667708 0.048349 0.118750
4 0.395047 0.664583 0.035377 0.108333
5 0.368514 0.656250 0.034198 0.079167
