0 0.531840 0.547917 0.077830 0.145833
0 0.610259 0.547917 0.076651 0.158333
0 0.557783 0.688542 0.049528 0.131250
0 0.609670 0.690625 0.054245 0.135417
1 0.667453 0.548958 0.040094 0.118750
1 0.470519 0.543750 0.051887 0.120833
1 0.504717 0.680208 0.054245 0.139583
1 0.653302 0.685417 0.044811 0.125000
2 0.705778 0.562500 0.036557 0.129167
2 0.419811 0.551042 0.054245 0.135417
2 0.458137 0.685417 0.043632 0.125000
2 0.691038 0.693750 0.035377 0.120833
3 0.733491 0.573958 0.021226 0.102083
3 0.712264 0.686458 0.035377 0.110417
3 0.382665 0.558333 0.027123 0.112500
3 0.415684 0.671875 0.041274 0.110417
4 0.383255 0.653125 0.035377 0.093750
5 0.353774 0.656250 0.030660 0.075000
