0 0.379717 0.472917 0.096698 0.150000
0 0.298939 0.465625 0.076651 0.160417
0 0.291274 0.602083 0.047170 0.133333
0 0.343750 0.612500 0.057783 0.145833
1 0.401533 0.620833 0.062500 0.158333
1 0.246462 0.572917 0.051887 0.150000
1 0.457547 0.469792 0.075472 0.131250
2 0.521816 0.485417 0.064858 0.150000
2 0.454009 0.648958 0.058962 0.164583
2 0.208726 0.559375 0.030660 0.122917
3 0.573703 0.506250 0.038915 0.120833
3 0.507075 0.625000 0.049528 0.129167
4 0.606722 0.512500 0.029481 0.079167
4 0.545401 0.608333 0.050708 0.104167
5 0.627948 0.504167 0.027123 0.075000
5 0.579009 0.596875 0.044811 0.085417
6 0.603774 0.595833 0.030660 0.083333
7 0.622052 0.565625 0.036557 0.064583
