0 0.311910 0.494792 0.074292 0.147917
0 0.391509 0.506250 0.087264 0.158333
0 0.308373 0.632292 0.048349 0.139583
0 0.357901 0.642708 0.053066 0.152083
1 0.414505 0.653125 0.055425 0.156250
1 0.467571 0.504167 0.064858 0.137500
1 0.259434 0.616667 0.044811 0.162500
2 0.222877 0.600000 0.030660 0.129167
2 0.530660 0.517708 0.063679 0.164583
2 0.462264 0.681250 0.051887 0.158333
3 0.514741 0.657292 0.050708 0.127083
3 0.579599 0.528125 0.036557 0.127083
4 0.555425 0.645833 0.049528 0.091667
4 0.609670 0.536458 0.023585 0.089583
5 0.587854 0.636458 0.048349 0.093750
5 0.634434 0.528125 0.035377 0.085417
6 0.612618 0.626042 0.024764 0.077083
7 0.633255 0.593750 0.030660 0.070833
