0 0.412240 0.390278 0.159896 0.302778
0 0.582031 0.387037 0.171354 0.322222
1 0.280208 0.367593 0.100000 0.287037
1 0.728646 0.366667 0.116667 0.301852
2 0.189583 0.405093 0.080208 0.325000
2 0.840885 0.368981 0.102604 0.337963
3 0.929427 0.396759 0.068229 0.287963
0 0.459896 0.763889 0.098958 0.272222
0 0.566406 0.765741 0.106771 0.275926
1 0.360417 0.775926 0.102083 0.301852
1 0.676562 0.766204 0.112500 0.280556
2 0.784896 0.763426 0.104167 0.371296
2 0.264323 0.787963 0.089063 0.372222
3 0.870833 0.761574 0.085417 0.313889
3 0.193750 0.764352 0.076042 0.276852
4 0.142969 0.767130 0.070312 0.234259
4 0.939323 0.750463 0.075521 0.263889
