0 0.480542 0.633333 0.102594 0.195833
0 0.585495 0.637500 0.109670 0.187500
1 0.667453 0.613542 0.058962 0.156250
1 0.396226 0.619792 0.066038 0.152083
2 0.722288 0.627083 0.048349 0.154167
2 0.329599 0.635417 0.071934 0.154167
0 0.512972 0.821875 0.063679 0.177083
0 0.580778 0.821875 0.071934 0.181250
1 0.444575 0.822917 0.073113 0.208333
1 0.645637 0.820833 0.062500 0.191667
2 0.703420 0.827083 0.050708 0.191667
2 0.378538 0.818750 0.054245 0.187500
3 0.328420 0.785417 0.060142 0.141667
4 0.295401 0.765625 0.041274 0.118750
3 0.732901 0.785417 0.048349 0.137500
