0 0.461085 0.587500 0.108491 0.204167
0 0.571344 0.594792 0.109670 0.210417
1 0.653302 0.570833 0.063679 0.166667
1 0.373821 0.579167 0.063679 0.158333
2 0.710495 0.590625 0.050708 0.156250
2 0.308373 0.595833 0.074292 0.166667
0 0.497052 0.783333 0.069575 0.200000
0 0.568396 0.790625 0.073113 0.189583
1 0.633255 0.786458 0.070755 0.202083
1 0.423939 0.790625 0.079009 0.210417
2 0.689858 0.791667 0.054245 0.187500
2 0.357311 0.783333 0.056604 0.179167
3 0.307193 0.748958 0.057783 0.152083
4 0.272995 0.732292 0.045991 0.122917
