0 0.413802 0.421759 0.169271 0.312037
0 0.582031 0.408333 0.168229 0.324074
1 0.721875 0.369444 0.108333 0.309259
2 0.824479 0.362963 0.094792 0.344444
3 0.901563 0.377778 0.061458 0.287037
0 0.466406 0.797685 0.105729 0.269444
0 0.573698 0.793056 0.108854 0.276852
1 0.684115 0.794444 0.107813 0.292593
1 0.364323 0.822222 0.097396 0.298148
2 0.783333 0.779630 0.095833 0.364815
3 0.862240 0.758333 0.083854 0.301852
4 0.920052 0.737963 0.072396 0.242593
3 0.185156 0.825000 0.082812 0.277778
4 0.124219 0.827315 0.070312 0.226852
5 0.059896 0.819907 0.096875 0.195370
2 0.173958 0.450463 0.091667 0.328704
3 0.096094 0.471759 0.060937 0.271296
