0 0.538915 0.540625 0.077830 0.156250
0 0.617335 0.546875 0.081368 0.160417
0 0.565448 0.681250 0.050708 0.125000
0 0.616745 0.688542 0.051887 0.131250
1 0.677476 0.554167 0.043632 0.108333
1 0.474646 0.538542 0.050708 0.122917
1 0.663915 0.682292 0.047170 0.122917
1 0.512972 0.683333 0.051887 0.133333
2 0.702241 0.689583 0.034198 0.112500
2 0.716981 0.555208 0.035377 0.135417
2 0.423349 0.547917 0.054245 0.129167
2 0.461085 0.681250 0.040094 0.120833
3 0.722288 0.681250 0.034198 0.108333
3 0.740566 0.568750 0.018868 0.104167
3 0.386792 0.559375 0.023585 0.131250
3 0.420991 0.667708 0.049528 0.110417
4 0.386203 0.659375 0.038915 0.093750
5 0.357901 0.657292 0.034198 0.089583
