0 0.544222 0.538542 0.079009 0.160417
0 0.623231 0.548958 0.076651 0.160417
0 0.567807 0.683333 0.045991 0.137500
0 0.619693 0.688542 0.057783 0.131250
1 0.682783 0.536458 0.042453 0.131250
1 0.668042 0.679167 0.043632 0.120833
1 0.479363 0.531250 0.048349 0.125000
1 0.514741 0.679167 0.057783 0.137500
2 0.706368 0.696875 0.033019 0.110417
2 0.719929 0.551042 0.031840 0.135417
2 0.425118 0.546875 0.057783 0.131250
2 0.464623 0.683333 0.044811 0.129167
3 0.728184 0.687500 0.036557 0.108333
3 0.744104 0.572917 0.023585 0.100000
3 0.388561 0.550000 0.022406 0.112500
3 0.421580 0.669792 0.050708 0.110417
4 0.387382 0.663542 0.036557 0.097917
5 0.360259 0.654167 0.031840 0.070833
