0 0.410417 0.472222 0.169792 0.300000
0 0.581250 0.452315 0.169792 0.330556
1 0.721875 0.424537 0.108333 0.302778
1 0.271615 0.456481 0.103646 0.275926
2 0.174740 0.485185 0.085938 0.316667
2 0.826823 0.415741 0.097396 0.331481
3 0.910937 0.429630 0.069792 0.259259
0 0.449740 0.677778 0.093229 0.172222
0 0.552865 0.690741 0.107813 0.146296
1 0.661979 0.651852 0.107292 0.253704
1 0.352083 0.684259 0.104167 0.222222
2 0.766406 0.640278 0.099479 0.356481
2 0.250781 0.706481 0.098437 0.305556
3 0.852865 0.659259 0.081771 0.240741
3 0.173437 0.694444 0.073958 0.211111
4 0.918229 0.638889 0.066667 0.216667
4 0.113021 0.696759 0.048958 0.158333
5 0.053646 0.699074 0.069792 0.153704
