0 0.404167 0.403704 0.164583 0.312963
0 0.572135 0.406019 0.169271 0.312037
1 0.271094 0.390741 0.105729 0.277778
1 0.717187 0.381019 0.117708 0.310185
2 0.180208 0.421296 0.081250 0.314815
2 0.829167 0.383796 0.106250 0.336111
0 0.450260 0.777778 0.100521 0.268519
0 0.557552 0.779167 0.113021 0.269444
1 0.349219 0.790741 0.098437 0.303704
1 0.669010 0.788426 0.106771 0.287963
2 0.773438 0.781019 0.101042 0.362037
2 0.255208 0.801852 0.092708 0.357407
3 0.860938 0.775000 0.091667 0.298148
3 0.185156 0.782870 0.077604 0.276852
4 0.929948 0.761111 0.078646 0.248148
4 0.136458 0.789352 0.068750 0.223148
3 0.917969 0.405556 0.071354 0.277778
