0 0.463443 0.522917 0.075472 0.137500
0 0.392099 0.512500 0.069575 0.133333
0 0.384434 0.632292 0.042453 0.122917
0 0.429245 0.646875 0.049528 0.131250
1 0.480542 0.656250 0.050708 0.137500
1 0.341392 0.618750 0.041274 0.133333
1 0.530071 0.521875 0.053066 0.118750
2 0.307783 0.610417 0.030660 0.120833
2 0.525354 0.676042 0.043632 0.147917
2 0.580778 0.530208 0.055425 0.139583
3 0.568396 0.662500 0.042453 0.116667
3 0.626769 0.541667 0.036557 0.125000
4 0.600825 0.652083 0.038915 0.100000
4 0.652123 0.544792 0.021226 0.085417
5 0.673939 0.544792 0.024764 0.072917
5 0.630307 0.636458 0.038915 0.085417
6 0.650943 0.637500 0.023585 0.079167
7 0.666863 0.626042 0.029481 0.068750
