0 0.408073 0.456944 0.165104 0.306481
0 0.577344 0.448148 0.171354 0.322222
1 0.720573 0.415278 0.114062 0.302778
1 0.271615 0.444444 0.106771 0.281481
2 0.827865 0.399074 0.099479 0.325926
2 0.175000 0.473611 0.081250 0.330556
3 0.909896 0.414352 0.065625 0.260185
0 0.447396 0.656019 0.097917 0.178704
0 0.551562 0.676852 0.107292 0.150000
1 0.660937 0.639352 0.109375 0.243519
1 0.348438 0.674074 0.103125 0.229630
2 0.765104 0.620370 0.096875 0.366667
2 0.248438 0.696759 0.096875 0.317593
3 0.852865 0.640278 0.088021 0.230556
3 0.168490 0.693981 0.070312 0.195370
4 0.920312 0.628704 0.065625 0.205556
4 0.110937 0.687037 0.053125 0.148148
5 0.050781 0.681019 0.069271 0.147222
