0 0.414844 0.322222 0.179688 0.316667
0 0.594271 0.317593 0.179167 0.342593
1 0.266406 0.305556 0.117188 0.307407
1 0.745313 0.304630 0.120833 0.316667
2 0.159115 0.349537 0.097396 0.341667
2 0.857031 0.316204 0.099479 0.358333
3 0.082031 0.377315 0.057813 0.284259
3 0.938802 0.349537 0.064062 0.306481
0 0.496875 0.769444 0.110417 0.294444
0 0.611198 0.767593 0.114062 0.292593
1 0.387500 0.791667 0.111458 0.324074
2 0.276823 0.805093 0.103646 0.380556
3 0.190365 0.802778 0.085938 0.301852
4 0.124740 0.801852 0.072396 0.235185
5 0.057813 0.805093 0.095833 0.204630
