0 0.415885 0.476389 0.166146 0.319444
0 0.583854 0.467130 0.169792 0.326852
1 0.725521 0.435185 0.112500 0.307407
1 0.276823 0.460648 0.110937 0.278704
2 0.830990 0.420833 0.101562 0.341667
2 0.179948 0.489352 0.078646 0.325000
3 0.914323 0.430093 0.065104 0.275000
3 0.113542 0.503704 0.052083 0.270370
0 0.453385 0.674537 0.098437 0.191667
0 0.555469 0.699537 0.105729 0.154630
1 0.666146 0.661574 0.116667 0.256481
1 0.354948 0.696759 0.101562 0.232407
2 0.773177 0.637963 0.098437 0.357407
2 0.254427 0.718519 0.099479 0.312963
3 0.857031 0.658333 0.084896 0.251852
3 0.176823 0.693056 0.074479 0.213889
4 0.921354 0.635185 0.067708 0.218519
4 0.115625 0.706944 0.051042 0.169444
5 0.055990 0.707407 0.069271 0.168519
