0 0.574292 0.582292 0.115566 0.197917
0 0.464623 0.577083 0.108491 0.200000
1 0.658019 0.561458 0.063679 0.160417
1 0.377948 0.565625 0.069575 0.160417
2 0.714623 0.575000 0.047170 0.158333
2 0.307783 0.589583 0.077830 0.145833
0 0.500000 0.766667 0.068396 0.191667
0 0.571934 0.776042 0.075472 0.202083
1 0.636792 0.773958 0.063679 0.202083
1 0.427476 0.773958 0.076651 0.210417
2 0.694575 0.781250 0.051887 0.183333
2 0.357311 0.768750 0.056604 0.183333
3 0.725825 0.743750 0.050708 0.141667
3 0.307783 0.741667 0.058962 0.145833
4 0.270637 0.722917 0.038915 0.125000
