0 0.575472 0.669792 0.099057 0.177083
0 0.669811 0.676042 0.096698 0.172917
0 0.606722 0.840625 0.062500 0.164583
0 0.668042 0.844792 0.067217 0.172917
1 0.742925 0.667708 0.054245 0.135417
1 0.497052 0.659375 0.060142 0.143750
1 0.541274 0.839583 0.066038 0.183333
1 0.725825 0.842708 0.055425 0.156250
2 0.783608 0.680208 0.038915 0.127083
2 0.481722 0.837500 0.057783 0.154167
2 0.433962 0.664583 0.063679 0.137500
3 0.431604 0.805208 0.054245 0.135417
2 0.770637 0.850000 0.045991 0.150000
3 0.790094 0.809375 0.047170 0.131250
4 0.393278 0.791667 0.048349 0.104167
