0 0.412760 0.425463 0.171354 0.313889
0 0.581250 0.405556 0.166667 0.333333
1 0.722396 0.377315 0.111458 0.304630
2 0.825781 0.362037 0.090104 0.342593
3 0.902604 0.375463 0.060417 0.276852
0 0.468750 0.801852 0.105208 0.268519
0 0.575781 0.798148 0.108854 0.274074
1 0.367448 0.825000 0.097396 0.300000
1 0.685417 0.799537 0.108333 0.291667
2 0.784635 0.784259 0.096354 0.362963
3 0.865885 0.768981 0.084896 0.313889
4 0.920573 0.746759 0.073438 0.241667
3 0.184375 0.826389 0.079167 0.273148
4 0.125260 0.834259 0.063021 0.224074
5 0.059115 0.818981 0.086979 0.193519
