0 0.554835 0.534375 0.081368 0.172917
0 0.636203 0.541667 0.083726 0.175000
0 0.581368 0.686458 0.051887 0.135417
0 0.631486 0.689583 0.053066 0.125000
1 0.695165 0.544792 0.041274 0.114583
1 0.488208 0.533333 0.049528 0.120833
1 0.527123 0.680208 0.058962 0.147917
1 0.681014 0.680208 0.045991 0.127083
2 0.734670 0.548958 0.037736 0.143750
2 0.433962 0.537500 0.061321 0.145833
2 0.473467 0.682292 0.045991 0.139583
2 0.720519 0.701042 0.035377 0.110417
3 0.760024 0.570833 0.020047 0.104167
3 0.395637 0.552083 0.024764 0.116667
3 0.429835 0.664583 0.048349 0.116667
3 0.739387 0.686458 0.040094 0.122917
4 0.393868 0.662500 0.037736 0.100000
5 0.364976 0.654167 0.034198 0.075000
