0 0.547170 0.539583 0.080189 0.158333
0 0.626179 0.543750 0.077830 0.162500
0 0.571934 0.682292 0.049528 0.131250
0 0.622052 0.685417 0.055425 0.129167
1 0.683373 0.539583 0.045991 0.129167
1 0.479953 0.534375 0.054245 0.118750
1 0.518868 0.682292 0.056604 0.131250
1 0.671580 0.682292 0.048349 0.122917
2 0.709906 0.694792 0.035377 0.106250
2 0.727005 0.551042 0.038915 0.135417
2 0.425708 0.542708 0.058962 0.127083
2 0.467571 0.680208 0.045991 0.135417
3 0.734080 0.681250 0.031840 0.112500
3 0.750590 0.564583 0.020047 0.108333
3 0.388561 0.548958 0.027123 0.127083
3 0.422170 0.664583 0.047170 0.104167
4 0.390920 0.655208 0.036557 0.093750
5 0.361439 0.651042 0.034198 0.077083
