0 0.413021 0.326852 0.178125 0.320370
0 0.594792 0.316204 0.180208 0.339815
1 0.266406 0.309259 0.117188 0.290741
1 0.744271 0.304167 0.120833 0.315741
2 0.158333 0.350926 0.094792 0.344444
2 0.859115 0.320370 0.105729 0.355556
3 0.082812 0.383333 0.062500 0.290741
3 0.939063 0.347685 0.063542 0.308333
0 0.493229 0.782407 0.114583 0.285185
1 0.381250 0.803241 0.109375 0.317593
2 0.823698 0.788889 0.099479 0.381481
2 0.272396 0.812037 0.105208 0.370370
3 0.911719 0.786574 0.086979 0.319444
3 0.188542 0.809259 0.086458 0.298148
4 0.122135 0.816667 0.071354 0.237037
5 0.050260 0.818056 0.092188 0.213889
