0 0.310731 0.469792 0.071934 0.156250
0 0.390330 0.484375 0.089623 0.147917
0 0.305425 0.606250 0.049528 0.141667
0 0.357311 0.627083 0.051887 0.137500
1 0.468160 0.482292 0.070755 0.139583
1 0.415684 0.629167 0.062500 0.145833
1 0.258844 0.586458 0.043632 0.152083
2 0.225236 0.575000 0.030660 0.120833
2 0.532429 0.497917 0.062500 0.158333
2 0.465802 0.657292 0.054245 0.156250
3 0.581368 0.515625 0.037736 0.122917
3 0.516509 0.641667 0.051887 0.125000
4 0.610259 0.521875 0.022406 0.085417
4 0.555425 0.620833 0.042453 0.100000
5 0.635613 0.509375 0.033019 0.085417
5 0.587854 0.610417 0.041274 0.087500
6 0.613208 0.609375 0.028302 0.089583
7 0.637972 0.577083 0.035377 0.070833
