0 0.416146 0.331944 0.181250 0.328704
0 0.596875 0.321759 0.180208 0.349074
1 0.266146 0.312500 0.116667 0.300926
1 0.747656 0.309722 0.118229 0.325000
2 0.856771 0.326852 0.100000 0.350000
2 0.159896 0.352778 0.095833 0.353704
3 0.083073 0.383796 0.055729 0.284259
3 0.939323 0.350926 0.060937 0.301852
1 0.385156 0.810648 0.114062 0.313889
1 0.722396 0.803704 0.110417 0.305556
2 0.276562 0.817130 0.102083 0.365741
2 0.826302 0.801852 0.100521 0.379630
3 0.189062 0.822222 0.088542 0.301852
4 0.123438 0.821296 0.075000 0.238889
5 0.052083 0.818981 0.097917 0.208333
