0 0.413802 0.427778 0.166146 0.305556
0 0.582031 0.404167 0.167187 0.336111
1 0.720833 0.378241 0.108333 0.306481
2 0.823177 0.365741 0.095312 0.342593
3 0.902083 0.382870 0.059375 0.267593
0 0.468229 0.804630 0.106250 0.272222
0 0.574479 0.799537 0.105208 0.273148
1 0.683594 0.796759 0.106771 0.291667
1 0.364063 0.830093 0.098958 0.299074
2 0.785417 0.788426 0.100000 0.362037
3 0.863542 0.763889 0.080208 0.303704
4 0.921094 0.743519 0.070312 0.248148
3 0.187240 0.826389 0.082812 0.258333
4 0.123958 0.832407 0.068750 0.220370
5 0.058073 0.829630 0.089063 0.192593
