0 0.407552 0.455556 0.168229 0.309259
0 0.575000 0.443519 0.166667 0.327778
1 0.717448 0.412500 0.115104 0.310185
1 0.271615 0.436574 0.104688 0.284259
2 0.824479 0.395833 0.096875 0.337963
2 0.174219 0.471296 0.086979 0.325926
3 0.907292 0.414352 0.065625 0.269444
0 0.550000 0.677778 0.109375 0.140741
0 0.440885 0.660648 0.103646 0.173148
1 0.659115 0.636574 0.111979 0.243519
1 0.342187 0.668056 0.093750 0.234259
2 0.763802 0.618981 0.096354 0.358333
2 0.247396 0.699537 0.096875 0.302778
3 0.852083 0.636111 0.088542 0.244444
3 0.169792 0.673148 0.075000 0.205556
4 0.915885 0.623611 0.068229 0.219444
4 0.107813 0.681019 0.051042 0.154630
5 0.050000 0.680093 0.073958 0.156481
