0 0.414844 0.388889 0.169271 0.314815
0 0.584115 0.389352 0.169271 0.319444
1 0.280729 0.374074 0.101042 0.281481
1 0.729948 0.369444 0.124479 0.301852
2 0.190104 0.403704 0.083333 0.318519
2 0.842969 0.370370 0.103646 0.340741
2 0.261719 0.637963 0.099479 0.314815
2 0.784375 0.577315 0.105208 0.362037
1 0.355469 0.608333 0.099479 0.225926
1 0.672656 0.582407 0.108854 0.261111
0 0.455729 0.614815 0.100000 0.153704
0 0.560677 0.619907 0.101562 0.158333
3 0.872917 0.613426 0.083333 0.256481
4 0.941406 0.606019 0.063021 0.234259
