0 0.557783 0.537500 0.082547 0.166667
0 0.642099 0.541667 0.083726 0.170833
0 0.586085 0.683333 0.049528 0.141667
0 0.639151 0.688542 0.061321 0.139583
1 0.702830 0.542708 0.042453 0.118750
1 0.489976 0.536458 0.053066 0.122917
1 0.529481 0.680208 0.058962 0.147917
1 0.688090 0.689583 0.048349 0.141667
2 0.744693 0.544792 0.034198 0.139583
2 0.433962 0.534375 0.054245 0.143750
2 0.475236 0.689583 0.049528 0.141667
2 0.729953 0.694792 0.037736 0.110417
3 0.749410 0.684375 0.034198 0.114583
3 0.771816 0.571875 0.022406 0.110417
3 0.396816 0.543750 0.027123 0.125000
3 0.430425 0.669792 0.049528 0.114583
4 0.395637 0.657292 0.041274 0.102083
5 0.363797 0.656250 0.036557 0.079167
