0 0.400260 0.410648 0.165104 0.312037
0 0.569271 0.395370 0.166667 0.324074
1 0.262500 0.402778 0.107292 0.277778
1 0.709115 0.363426 0.113021 0.306481
2 0.814063 0.349074 0.093750 0.342593
3 0.893229 0.371296 0.063542 0.270370
0 0.461458 0.801852 0.108333 0.272222
0 0.569271 0.796296 0.109375 0.268519
1 0.356771 0.825000 0.104167 0.298148
1 0.676302 0.793519 0.106771 0.287037
2 0.776302 0.779167 0.098437 0.363889
3 0.179427 0.829167 0.080729 0.280556
4 0.119271 0.832870 0.069792 0.230556
5 0.052344 0.820370 0.084896 0.188889
