0 0.454599 0.544792 0.076651 0.139583
0 0.383844 0.530208 0.071934 0.139583
0 0.377358 0.656250 0.040094 0.129167
0 0.422170 0.668750 0.042453 0.137500
1 0.520637 0.546875 0.050708 0.110417
1 0.334906 0.641667 0.042453 0.141667
1 0.469929 0.678125 0.050708 0.131250
2 0.518868 0.700000 0.044811 0.154167
2 0.302476 0.627083 0.034198 0.120833
2 0.577830 0.554167 0.054245 0.145833
3 0.561910 0.682292 0.045991 0.118750
3 0.623231 0.567708 0.034198 0.127083
4 0.599057 0.668750 0.033019 0.095833
4 0.643868 0.569792 0.016509 0.081250
5 0.670991 0.563542 0.028302 0.060417
5 0.629717 0.654167 0.033019 0.079167
6 0.646816 0.655208 0.024764 0.068750
7 0.664505 0.632292 0.024764 0.077083
