0 0.466392 0.603125 0.107311 0.214583
0 0.573113 0.616667 0.110849 0.200000
1 0.654481 0.594792 0.063679 0.164583
1 0.383844 0.593750 0.064858 0.166667
2 0.711675 0.609375 0.048349 0.156250
2 0.313679 0.613542 0.073113 0.156250
0 0.500590 0.796875 0.067217 0.189583
0 0.570755 0.806250 0.073113 0.191667
1 0.634434 0.797917 0.061321 0.191667
1 0.432193 0.805208 0.074292 0.206250
2 0.689858 0.807292 0.051887 0.177083
2 0.365566 0.796875 0.054245 0.181250
3 0.316038 0.769792 0.054245 0.135417
3 0.721108 0.768750 0.048349 0.145833
4 0.280071 0.747917 0.038915 0.104167
