0 0.418229 0.386574 0.170833 0.313889
0 0.588021 0.386111 0.164583 0.320370
1 0.281510 0.371759 0.102604 0.286111
1 0.731771 0.365741 0.118750 0.301852
2 0.189323 0.401389 0.084896 0.330556
2 0.842187 0.374074 0.100000 0.338889
2 0.258594 0.633333 0.098437 0.301852
2 0.781250 0.583333 0.105208 0.366667
1 0.358594 0.606944 0.096354 0.226852
1 0.672917 0.589815 0.108333 0.250000
0 0.458333 0.600463 0.100000 0.187963
0 0.562500 0.618056 0.103125 0.158333
3 0.870833 0.604630 0.084375 0.270370
4 0.942187 0.607870 0.066667 0.225000
