0 0.559552 0.654167 0.104953 0.191667
0 0.661557 0.651042 0.103774 0.202083
1 0.737028 0.636458 0.054245 0.164583
1 0.476415 0.642708 0.068396 0.156250
2 0.785377 0.655208 0.044811 0.156250
2 0.408608 0.647917 0.071934 0.158333
0 0.593160 0.835417 0.061321 0.183333
0 0.658608 0.840625 0.067217 0.185417
1 0.717571 0.835417 0.060142 0.183333
1 0.524764 0.838542 0.070755 0.193750
2 0.770637 0.843750 0.045991 0.183333
2 0.459906 0.837500 0.056604 0.179167
3 0.406250 0.798958 0.055425 0.139583
3 0.791863 0.806250 0.048349 0.133333
4 0.368514 0.780208 0.045991 0.114583
