0 0.495873 0.629167 0.104953 0.204167
0 0.603184 0.640625 0.109670 0.193750
1 0.685142 0.619792 0.058962 0.152083
1 0.409788 0.620833 0.067217 0.166667
2 0.738208 0.636458 0.054245 0.147917
2 0.339033 0.634375 0.069575 0.164583
0 0.530071 0.827083 0.069575 0.191667
0 0.602005 0.831250 0.071934 0.183333
1 0.665094 0.828125 0.066038 0.197917
1 0.456958 0.829167 0.076651 0.208333
2 0.722877 0.836458 0.049528 0.164583
2 0.390920 0.830208 0.055425 0.197917
3 0.750000 0.796875 0.051887 0.143750
3 0.343750 0.795833 0.062500 0.145833
4 0.301887 0.770833 0.042453 0.129167
