0 0.501769 0.633333 0.104953 0.195833
0 0.610259 0.633333 0.107311 0.195833
0 0.535377 0.821875 0.068396 0.181250
0 0.605542 0.825000 0.071934 0.195833
1 0.691627 0.620833 0.055425 0.154167
1 0.416863 0.620833 0.069575 0.150000
1 0.465212 0.826042 0.069575 0.202083
1 0.670991 0.822917 0.063679 0.183333
2 0.742335 0.631250 0.043632 0.145833
2 0.347288 0.634375 0.067217 0.147917
2 0.399175 0.820833 0.060142 0.191667
2 0.725825 0.826042 0.045991 0.189583
3 0.753538 0.794792 0.049528 0.147917
3 0.346108 0.789583 0.053066 0.154167
4 0.309552 0.769792 0.048349 0.122917
