0 0.408333 0.421759 0.172917 0.310185
0 0.578906 0.406481 0.174479 0.324074
1 0.721354 0.374537 0.108333 0.300926
2 0.822917 0.359259 0.097917 0.350000
3 0.901042 0.376852 0.057292 0.274074
0 0.465885 0.798611 0.102604 0.263889
0 0.572396 0.795833 0.111458 0.269444
1 0.365625 0.822685 0.105208 0.299074
1 0.683073 0.792593 0.107813 0.285185
2 0.783333 0.777778 0.095833 0.359259
3 0.861458 0.760648 0.085417 0.306481
4 0.917188 0.740278 0.077083 0.243519
3 0.185156 0.821759 0.082812 0.267593
4 0.123698 0.829167 0.073438 0.232407
5 0.058594 0.819907 0.091146 0.204630
