0 0.416146 0.324537 0.179167 0.325000
0 0.595833 0.324074 0.181250 0.350000
1 0.269271 0.306019 0.121875 0.300926
1 0.747135 0.305556 0.117188 0.320370
2 0.161458 0.350000 0.092708 0.346296
2 0.855469 0.318519 0.101562 0.355556
3 0.082812 0.382870 0.061458 0.293519
3 0.939323 0.346296 0.065104 0.311111
0 0.495573 0.775463 0.108854 0.289815
0 0.609375 0.778704 0.114583 0.292593
1 0.385156 0.794444 0.113021 0.327778
1 0.721875 0.781944 0.105208 0.310185
2 0.277865 0.809259 0.102604 0.381481
3 0.189323 0.808796 0.090104 0.323148
4 0.125521 0.806944 0.077083 0.232407
5 0.055729 0.808796 0.092708 0.206481
