0 0.414323 0.335185 0.179688 0.316667
0 0.594792 0.332407 0.178125 0.346296
1 0.265625 0.318056 0.117708 0.300926
1 0.743490 0.314815 0.119271 0.314815
2 0.159375 0.359722 0.093750 0.350926
2 0.854167 0.328704 0.102083 0.359259
3 0.084115 0.389815 0.056771 0.288889
3 0.936719 0.356944 0.063021 0.317593
0 0.491406 0.799074 0.111979 0.279630
1 0.377604 0.818981 0.109375 0.319444
1 0.717708 0.806481 0.107292 0.303704
2 0.270573 0.820833 0.104688 0.358333
2 0.822135 0.802778 0.102604 0.379630
3 0.185417 0.818519 0.086458 0.303704
4 0.120313 0.827315 0.079167 0.234259
5 0.047917 0.823611 0.094792 0.197222
