0 0.557193 0.650000 0.100236 0.195833
0 0.659788 0.651042 0.102594 0.197917
0 0.591981 0.837500 0.063679 0.179167
0 0.658608 0.839583 0.067217 0.183333
1 0.737028 0.645833 0.051887 0.145833
1 0.476415 0.644792 0.063679 0.143750
1 0.523585 0.837500 0.073113 0.195833
1 0.718750 0.836458 0.060142 0.189583
2 0.770637 0.846875 0.043632 0.172917
2 0.458137 0.829167 0.053066 0.170833
2 0.408019 0.653125 0.066038 0.152083
2 0.784788 0.657292 0.043632 0.135417
3 0.406250 0.800000 0.060142 0.137500
3 0.792453 0.807292 0.054245 0.143750
4 0.361439 0.785417 0.045991 0.116667
