0 0.498821 0.638542 0.099057 0.197917
0 0.603184 0.640625 0.112028 0.197917
1 0.687500 0.618750 0.058962 0.166667
1 0.413325 0.628125 0.071934 0.152083
2 0.344340 0.638542 0.073113 0.160417
2 0.742335 0.632292 0.043632 0.164583
0 0.533608 0.826042 0.069575 0.202083
0 0.607311 0.833333 0.070755 0.191667
1 0.669222 0.829167 0.062500 0.191667
1 0.463443 0.834375 0.075472 0.197917
2 0.725825 0.839583 0.053066 0.179167
2 0.395047 0.829167 0.056604 0.187500
3 0.752358 0.792708 0.051887 0.139583
3 0.343750 0.795833 0.057783 0.150000
4 0.308373 0.773958 0.045991 0.131250
