0 0.306014 0.462500 0.074292 0.154167
0 0.387972 0.464583 0.094340 0.170833
0 0.303066 0.596875 0.049528 0.135417
0 0.352005 0.610417 0.048349 0.141667
1 0.463443 0.475000 0.066038 0.129167
1 0.410377 0.622917 0.066038 0.154167
1 0.256486 0.581250 0.048349 0.145833
2 0.217571 0.570833 0.024764 0.116667
2 0.462854 0.653125 0.053066 0.164583
2 0.526533 0.491667 0.067217 0.141667
3 0.580189 0.504167 0.042453 0.125000
3 0.511792 0.629167 0.056604 0.133333
4 0.610259 0.513542 0.022406 0.093750
4 0.551887 0.613542 0.044811 0.102083
5 0.638561 0.495833 0.027123 0.075000
5 0.584316 0.606250 0.043632 0.108333
6 0.612618 0.600000 0.031840 0.087500
7 0.632075 0.570833 0.030660 0.070833
