0 0.405469 0.459722 0.166146 0.317593
0 0.572917 0.451389 0.170833 0.328704
1 0.714063 0.421296 0.111458 0.309259
1 0.268229 0.441667 0.108333 0.283333
2 0.819792 0.401852 0.100000 0.337037
2 0.169792 0.475463 0.084375 0.323148
3 0.903906 0.411111 0.065104 0.285185
0 0.442969 0.660648 0.095312 0.187963
0 0.550000 0.685185 0.101042 0.150000
1 0.659635 0.647685 0.111979 0.245370
1 0.344531 0.673148 0.104688 0.242593
2 0.763542 0.627315 0.095833 0.362037
2 0.244792 0.697222 0.092708 0.305556
3 0.847656 0.641667 0.086979 0.259259
3 0.165625 0.697222 0.069792 0.222222
4 0.915365 0.622222 0.067187 0.222222
4 0.106510 0.683796 0.050521 0.178704
5 0.048438 0.678241 0.065625 0.152778
