0 0.413281 0.326852 0.177604 0.325926
0 0.591927 0.320833 0.179688 0.350926
1 0.264583 0.313426 0.121875 0.304630
1 0.742969 0.309259 0.124479 0.320370
2 0.157031 0.351389 0.092188 0.349074
2 0.853125 0.324074 0.097917 0.357407
3 0.079687 0.385185 0.061458 0.292593
3 0.935937 0.350926 0.067708 0.294444
0 0.491146 0.787037 0.109375 0.294444
1 0.379167 0.806481 0.117708 0.318519
2 0.268229 0.816204 0.098958 0.367593
3 0.183073 0.810648 0.081771 0.308333
4 0.119010 0.818056 0.074479 0.234259
5 0.050260 0.812963 0.093229 0.203704
2 0.825000 0.796296 0.110417 0.385185
1 0.714583 0.794907 0.103125 0.310185
