0 0.464033 0.593750 0.112028 0.191667
0 0.570165 0.590625 0.107311 0.214583
1 0.655660 0.581250 0.061321 0.158333
1 0.376179 0.586458 0.063679 0.156250
2 0.308962 0.596875 0.073113 0.172917
2 0.712264 0.595833 0.047170 0.158333
0 0.497052 0.784375 0.074292 0.193750
0 0.568396 0.787500 0.070755 0.183333
1 0.633844 0.792708 0.064858 0.197917
1 0.423349 0.789583 0.077830 0.200000
2 0.688679 0.797917 0.051887 0.187500
2 0.357901 0.782292 0.053066 0.172917
3 0.719340 0.759375 0.047170 0.143750
3 0.308962 0.753125 0.058962 0.147917
4 0.270637 0.739583 0.038915 0.125000
