0 0.407292 0.323611 0.180208 0.319444
0 0.587760 0.320833 0.178646 0.350926
1 0.259375 0.306944 0.119792 0.304630
1 0.737240 0.301852 0.117188 0.324074
2 0.150781 0.347222 0.097396 0.351852
2 0.847656 0.313889 0.102604 0.359259
3 0.073698 0.377778 0.060937 0.294444
3 0.932031 0.342130 0.064062 0.312037
1 0.372917 0.804167 0.114583 0.319444
1 0.713021 0.801389 0.106250 0.313889
2 0.264583 0.811111 0.100000 0.372222
2 0.817187 0.794907 0.100000 0.387963
3 0.178646 0.811574 0.085417 0.308333
4 0.113542 0.815741 0.076042 0.238889
5 0.047135 0.818981 0.093229 0.197222
