0 0.557783 0.545833 0.082547 0.166667
0 0.639741 0.545833 0.083726 0.175000
0 0.582547 0.687500 0.044811 0.137500
0 0.637972 0.698958 0.056604 0.122917
1 0.704009 0.543750 0.044811 0.125000
1 0.491745 0.535417 0.056604 0.125000
1 0.530660 0.689583 0.058962 0.141667
1 0.686910 0.689583 0.048349 0.133333
2 0.742925 0.555208 0.033019 0.135417
2 0.435142 0.538542 0.063679 0.139583
2 0.475236 0.692708 0.049528 0.143750
2 0.727005 0.705208 0.036557 0.110417
3 0.747642 0.691667 0.035377 0.104167
3 0.766509 0.576042 0.018868 0.114583
3 0.393868 0.555208 0.028302 0.114583
3 0.429835 0.675000 0.050708 0.112500
4 0.396226 0.669792 0.040094 0.106250
5 0.366156 0.657292 0.031840 0.077083
