0 0.408594 0.326852 0.183854 0.325926
0 0.592448 0.319444 0.178646 0.346296
1 0.258854 0.307407 0.119792 0.309259
1 0.741406 0.308333 0.116146 0.322222
2 0.155208 0.350000 0.098958 0.357407
2 0.851823 0.318056 0.099479 0.367593
3 0.076823 0.381019 0.063021 0.289815
3 0.934896 0.348148 0.063542 0.301852
0 0.491667 0.772685 0.110417 0.289815
0 0.602604 0.775000 0.113542 0.296296
1 0.377865 0.793056 0.114062 0.321296
2 0.267969 0.808796 0.105729 0.382407
3 0.180729 0.809259 0.087500 0.305556
4 0.115625 0.806481 0.077083 0.246296
5 0.050260 0.803241 0.089063 0.204630
