0 0.417448 0.405093 0.167187 0.310185
0 0.591667 0.404630 0.172917 0.324074
1 0.280729 0.386574 0.101042 0.282407
1 0.735938 0.382407 0.113542 0.307407
2 0.189844 0.416204 0.079687 0.323148
2 0.844531 0.382407 0.103646 0.333333
3 0.932552 0.412037 0.071354 0.264815
0 0.461458 0.621759 0.098958 0.171296
0 0.561979 0.640278 0.097917 0.156481
1 0.361719 0.625463 0.105729 0.226852
1 0.671354 0.606944 0.111458 0.243519
2 0.260677 0.642130 0.094271 0.299074
2 0.780469 0.597685 0.103646 0.362037
3 0.186719 0.645833 0.074479 0.213889
3 0.876302 0.629630 0.081771 0.244444
4 0.942969 0.621759 0.063021 0.210185
