0 0.413542 0.331481 0.178125 0.327778
0 0.592969 0.324537 0.175521 0.349074
1 0.265885 0.313889 0.116146 0.298148
1 0.743229 0.307407 0.121875 0.322222
2 0.159375 0.354630 0.097917 0.355556
2 0.853646 0.322222 0.096875 0.359259
3 0.080990 0.391204 0.058854 0.291667
3 0.935156 0.355093 0.068229 0.299074
1 0.379688 0.813889 0.110417 0.318519
1 0.716406 0.802315 0.109896 0.313889
2 0.272396 0.819444 0.104167 0.361111
2 0.821615 0.801852 0.103646 0.385185
3 0.184635 0.814352 0.084896 0.313889
4 0.121094 0.821296 0.080729 0.238889
5 0.047917 0.824537 0.089583 0.208333
