0 0.407813 0.324537 0.178125 0.319444
0 0.590885 0.326852 0.180729 0.324074
1 0.261979 0.308796 0.117708 0.302778
1 0.741146 0.309722 0.115625 0.325000
2 0.154948 0.351852 0.096354 0.361111
2 0.849479 0.321296 0.097917 0.350000
3 0.076563 0.378241 0.057292 0.295370
3 0.934375 0.343981 0.065625 0.315741
0 0.488281 0.777315 0.111979 0.278704
1 0.378385 0.806481 0.115104 0.318519
2 0.822135 0.789352 0.102604 0.387963
3 0.907031 0.787500 0.089063 0.325000
2 0.268490 0.816667 0.101562 0.366667
3 0.181250 0.816667 0.093750 0.320370
4 0.119531 0.817593 0.084896 0.238889
5 0.050781 0.815278 0.099479 0.202778
