0 0.423958 0.409259 0.166667 0.314815
0 0.593750 0.405556 0.170833 0.314815
1 0.288802 0.387963 0.107813 0.279630
1 0.738542 0.388426 0.117708 0.293519
2 0.193229 0.422685 0.080208 0.325000
2 0.847396 0.390278 0.101042 0.332407
0 0.463021 0.612963 0.100000 0.179630
0 0.566927 0.635185 0.105729 0.150000
1 0.360417 0.630093 0.103125 0.225000
1 0.677344 0.615741 0.114062 0.246296
2 0.260677 0.657407 0.094271 0.316667
2 0.784115 0.597685 0.102604 0.356481
3 0.878385 0.631944 0.081771 0.239815
4 0.950000 0.626852 0.059375 0.209259
3 0.934115 0.409722 0.071354 0.273148
