0 0.461675 0.590625 0.109670 0.193750
0 0.572524 0.598958 0.112028 0.202083
1 0.655660 0.573958 0.066038 0.160417
1 0.373821 0.579167 0.068396 0.162500
2 0.711675 0.593750 0.048349 0.154167
2 0.303066 0.587500 0.084906 0.166667
0 0.500000 0.781250 0.066038 0.200000
0 0.568986 0.784375 0.076651 0.189583
1 0.424528 0.788542 0.077830 0.218750
1 0.636792 0.783333 0.070755 0.204167
2 0.690448 0.794792 0.050708 0.193750
2 0.356722 0.780208 0.055425 0.185417
3 0.721108 0.756250 0.050708 0.154167
3 0.307783 0.747917 0.058962 0.145833
4 0.270047 0.736458 0.049528 0.131250
