0 0.417969 0.408333 0.168229 0.301852
0 0.589583 0.403704 0.168750 0.316667
1 0.284115 0.386111 0.102604 0.283333
1 0.734635 0.389815 0.116146 0.301852
2 0.192708 0.415278 0.083333 0.326852
2 0.844531 0.390278 0.101562 0.328704
3 0.931510 0.408796 0.070312 0.284259
0 0.461198 0.618981 0.102604 0.176852
0 0.563542 0.640278 0.104167 0.171296
1 0.359635 0.620833 0.101562 0.226852
1 0.674219 0.604167 0.117188 0.260185
2 0.261979 0.661111 0.096875 0.294444
2 0.780729 0.601389 0.098958 0.365741
3 0.873437 0.630093 0.082292 0.245370
4 0.943490 0.625000 0.067187 0.222222
