0 0.506486 0.629167 0.107311 0.191667
0 0.613797 0.637500 0.104953 0.187500
1 0.696934 0.614583 0.058962 0.158333
1 0.419811 0.610417 0.068396 0.162500
2 0.350825 0.631250 0.074292 0.154167
2 0.749410 0.626042 0.050708 0.160417
0 0.538325 0.816667 0.067217 0.195833
0 0.609080 0.821875 0.069575 0.185417
1 0.675118 0.820833 0.062500 0.191667
1 0.468160 0.828125 0.077830 0.206250
2 0.730542 0.827083 0.050708 0.179167
2 0.402123 0.815625 0.054245 0.193750
3 0.759434 0.783333 0.054245 0.141667
3 0.349646 0.781250 0.057783 0.137500
4 0.309552 0.768750 0.038915 0.125000
