0 0.411198 0.418981 0.171354 0.310185
0 0.579167 0.397685 0.165625 0.326852
1 0.717448 0.367593 0.114062 0.305556
2 0.820833 0.356944 0.094792 0.343519
3 0.898958 0.372685 0.061458 0.273148
0 0.465365 0.791667 0.107813 0.274074
0 0.570573 0.790741 0.107813 0.274074
1 0.679427 0.787500 0.107813 0.286111
1 0.361719 0.816667 0.099479 0.298148
2 0.780469 0.774537 0.098437 0.373148
3 0.859635 0.755093 0.084896 0.306481
4 0.917969 0.736111 0.079687 0.251852
3 0.183594 0.814815 0.083854 0.274074
4 0.122917 0.819444 0.073958 0.224074
5 0.056510 0.813889 0.098437 0.194444
