0 0.419531 0.429167 0.165104 0.312037
0 0.589063 0.412963 0.168750 0.331481
1 0.727344 0.379167 0.107813 0.304630
2 0.180208 0.458796 0.088542 0.315741
3 0.105208 0.475463 0.058333 0.271296
2 0.830208 0.365741 0.090625 0.342593
3 0.907292 0.384722 0.063542 0.280556
0 0.472396 0.804167 0.107292 0.275000
0 0.580208 0.805093 0.108333 0.275000
1 0.687240 0.804630 0.109896 0.288889
1 0.370052 0.830556 0.099479 0.300000
2 0.788802 0.790741 0.096354 0.372222
3 0.867448 0.767130 0.083854 0.304630
4 0.925000 0.749537 0.076042 0.243519
3 0.192448 0.829167 0.086979 0.265741
4 0.128906 0.831019 0.065104 0.221296
5 0.062240 0.829167 0.094271 0.186111
