0 0.408073 0.457870 0.165104 0.313889
0 0.576042 0.444444 0.167708 0.318519
1 0.718229 0.411111 0.113542 0.307407
1 0.271615 0.437500 0.107813 0.286111
2 0.824740 0.396759 0.096354 0.326852
2 0.174479 0.473148 0.090625 0.314815
3 0.909375 0.413889 0.069792 0.270370
0 0.551302 0.675926 0.106771 0.151852
0 0.446094 0.651389 0.098437 0.193519
1 0.347656 0.670833 0.097396 0.228704
1 0.660417 0.643981 0.110417 0.237963
2 0.764583 0.611574 0.097917 0.367593
2 0.247135 0.699537 0.097396 0.306481
3 0.850260 0.639815 0.084896 0.240741
3 0.166927 0.677778 0.073438 0.198148
4 0.916927 0.623611 0.064062 0.212037
4 0.108594 0.682407 0.052604 0.155556
5 0.048438 0.680093 0.071875 0.145370
