0 0.405990 0.452315 0.165104 0.319444
0 0.573438 0.441204 0.166667 0.325000
1 0.715365 0.411111 0.113021 0.307407
1 0.267188 0.440278 0.109375 0.286111
2 0.171354 0.468056 0.081250 0.325000
2 0.821615 0.394444 0.099479 0.337037
3 0.905469 0.410185 0.065104 0.283333
0 0.444531 0.656481 0.098437 0.187037
0 0.546354 0.672685 0.102083 0.150926
1 0.656771 0.633333 0.114583 0.253704
1 0.346875 0.672685 0.102083 0.232407
2 0.764323 0.616204 0.097396 0.373148
2 0.244531 0.691667 0.099479 0.327778
3 0.847656 0.635648 0.083854 0.243519
3 0.165885 0.674074 0.068229 0.214815
4 0.107292 0.681019 0.050000 0.163889
4 0.918490 0.620833 0.054688 0.217593
5 0.048698 0.677778 0.071354 0.148148
