0 0.413542 0.325000 0.177083 0.331481
0 0.595833 0.322222 0.178125 0.351852
1 0.265885 0.311574 0.116146 0.308333
1 0.745573 0.308796 0.120313 0.325000
2 0.157031 0.350926 0.094271 0.355556
2 0.854427 0.322222 0.097396 0.353704
3 0.079948 0.383796 0.059896 0.297222
3 0.938542 0.351852 0.066667 0.311111
0 0.493490 0.776852 0.106771 0.292593
0 0.606510 0.780556 0.116146 0.292593
1 0.386198 0.794444 0.107813 0.324074
2 0.277604 0.810648 0.109375 0.373148
3 0.188021 0.804167 0.087500 0.295370
4 0.121354 0.811111 0.076042 0.235185
5 0.053906 0.811574 0.095312 0.206481
