0 0.389151 0.496875 0.087264 0.156250
0 0.308962 0.477083 0.075472 0.145833
0 0.308373 0.617708 0.050708 0.143750
0 0.354363 0.627083 0.053066 0.145833
1 0.465802 0.494792 0.070755 0.131250
1 0.412146 0.638542 0.067217 0.147917
1 0.261203 0.596875 0.045991 0.147917
2 0.531840 0.509375 0.063679 0.152083
2 0.468160 0.672917 0.058962 0.166667
2 0.227594 0.587500 0.033019 0.120833
3 0.582547 0.522917 0.037736 0.116667
3 0.515330 0.651042 0.049528 0.122917
4 0.613797 0.532292 0.024764 0.089583
4 0.554245 0.629167 0.040094 0.095833
5 0.638561 0.509375 0.027123 0.072917
5 0.587854 0.619792 0.048349 0.077083
6 0.617335 0.612500 0.027123 0.070833
7 0.635613 0.589583 0.030660 0.066667
