0 0.409635 0.326389 0.177604 0.325000
0 0.590885 0.318056 0.180729 0.349074
1 0.263281 0.306944 0.117188 0.304630
1 0.740885 0.303704 0.122396 0.316667
2 0.156250 0.348148 0.095833 0.344444
2 0.849479 0.313426 0.096875 0.354630
3 0.078906 0.379630 0.061979 0.287037
3 0.934635 0.342130 0.066146 0.302778
0 0.485677 0.778241 0.114062 0.286111
1 0.376563 0.797685 0.108333 0.317593
2 0.820052 0.791204 0.099479 0.387963
2 0.268750 0.811574 0.104167 0.367593
3 0.184375 0.814352 0.083333 0.306481
5 0.052865 0.812500 0.097396 0.189815
4 0.118750 0.808333 0.078125 0.240741
3 0.909896 0.781481 0.083333 0.314815
