0 0.416927 0.432407 0.165104 0.311111
0 0.583594 0.419444 0.168229 0.333333
1 0.723177 0.385185 0.108854 0.290741
1 0.275521 0.427778 0.108333 0.290741
2 0.825000 0.378241 0.093750 0.336111
3 0.904687 0.389815 0.061458 0.279630
0 0.469271 0.813426 0.104167 0.265741
0 0.575260 0.816667 0.101562 0.277778
1 0.365885 0.840278 0.099479 0.295370
1 0.684375 0.812037 0.111458 0.298148
2 0.784375 0.799074 0.090625 0.372222
3 0.864062 0.773611 0.086458 0.295370
4 0.921094 0.752778 0.078646 0.238889
3 0.188802 0.841204 0.081771 0.278704
4 0.127344 0.841667 0.074479 0.229630
5 0.062500 0.834259 0.093750 0.196296
