0 0.403646 0.457407 0.165625 0.314815
0 0.570833 0.447685 0.171875 0.325000
1 0.714583 0.413426 0.114583 0.306481
1 0.265885 0.442130 0.107813 0.287963
2 0.822396 0.394444 0.097917 0.337037
2 0.170052 0.471759 0.088021 0.317593
3 0.903906 0.407407 0.065104 0.277778
0 0.442188 0.646759 0.098958 0.197222
0 0.546615 0.680093 0.105729 0.139815
1 0.655729 0.631481 0.110417 0.253704
1 0.342187 0.677778 0.096875 0.229630
2 0.761719 0.624537 0.099479 0.367593
2 0.243490 0.699074 0.097396 0.309259
3 0.847135 0.638426 0.084896 0.243519
3 0.164583 0.688889 0.071875 0.227778
4 0.913021 0.617130 0.067708 0.232407
4 0.103646 0.685648 0.047917 0.171296
5 0.050000 0.679630 0.073958 0.151852
