0 0.353774 0.545833 0.070755 0.141667
0 0.431014 0.557292 0.083726 0.164583
0 0.350236 0.672917 0.049528 0.129167
0 0.399175 0.689583 0.053066 0.145833
1 0.501769 0.558333 0.060142 0.129167
1 0.306014 0.660417 0.043632 0.145833
1 0.449882 0.698958 0.055425 0.152083
2 0.563090 0.573958 0.060142 0.139583
2 0.500000 0.723958 0.049528 0.156250
2 0.274175 0.645833 0.036557 0.112500
3 0.608491 0.584375 0.035377 0.110417
3 0.546580 0.705208 0.045991 0.122917
4 0.633844 0.583333 0.024764 0.083333
4 0.582547 0.686458 0.037736 0.102083
5 0.659788 0.578125 0.027123 0.077083
5 0.612028 0.678125 0.040094 0.081250
6 0.635024 0.666667 0.027123 0.091667
7 0.655660 0.650000 0.025943 0.079167
