0 0.412500 0.331481 0.176042 0.324074
0 0.592969 0.321296 0.178646 0.348148
1 0.265885 0.314815 0.119271 0.301852
1 0.743229 0.310648 0.115625 0.323148
2 0.158594 0.356944 0.092188 0.349074
2 0.851042 0.322222 0.100000 0.359259
3 0.082292 0.390278 0.061458 0.302778
3 0.933333 0.350000 0.065625 0.303704
1 0.380729 0.809722 0.109375 0.317593
1 0.717187 0.803241 0.107292 0.315741
2 0.272917 0.817130 0.102083 0.365741
2 0.822656 0.802315 0.105729 0.384259
3 0.184635 0.816204 0.090104 0.304630
4 0.119792 0.820370 0.079167 0.242593
5 0.047917 0.829630 0.094792 0.205556
