0 0.406510 0.464352 0.168229 0.312037
0 0.575521 0.449537 0.169792 0.321296
1 0.718490 0.416667 0.113021 0.312963
1 0.268490 0.444444 0.109896 0.277778
2 0.171094 0.474074 0.088021 0.333333
2 0.822917 0.404630 0.096875 0.340741
3 0.904948 0.421759 0.064062 0.254630
0 0.446615 0.661574 0.093229 0.176852
0 0.548438 0.684722 0.104167 0.156481
1 0.656771 0.647222 0.107292 0.238889
1 0.346875 0.676389 0.103125 0.226852
2 0.763802 0.632870 0.102604 0.362037
2 0.245833 0.697222 0.100000 0.324074
3 0.848437 0.639815 0.084375 0.235185
3 0.169792 0.685185 0.070833 0.224074
4 0.914844 0.627778 0.065104 0.222222
4 0.108594 0.690278 0.049479 0.171296
5 0.049479 0.681944 0.072917 0.150926
