0 0.575472 0.572917 0.110849 0.195833
0 0.466392 0.575000 0.107311 0.191667
1 0.658608 0.553125 0.060142 0.168750
1 0.379717 0.555208 0.068396 0.168750
2 0.716981 0.566667 0.054245 0.166667
2 0.307193 0.569792 0.076651 0.164583
0 0.501769 0.760417 0.064858 0.191667
0 0.571344 0.767708 0.074292 0.193750
1 0.639741 0.765625 0.064858 0.206250
1 0.428656 0.769792 0.076651 0.214583
2 0.695755 0.777083 0.054245 0.187500
2 0.360849 0.762500 0.056604 0.195833
3 0.728774 0.739583 0.047170 0.137500
3 0.309552 0.729167 0.057783 0.145833
4 0.270047 0.712500 0.042453 0.116667
