0 0.398177 0.394907 0.167187 0.328704
0 0.571615 0.396759 0.176563 0.347222
1 0.260677 0.370370 0.113021 0.298148
1 0.721094 0.380556 0.121354 0.311111
2 0.838021 0.384722 0.108333 0.354630
2 0.163802 0.401852 0.079687 0.342593
3 0.101302 0.417130 0.045312 0.289815
3 0.929427 0.401852 0.074479 0.296296
0 0.437760 0.615741 0.093229 0.207407
0 0.541146 0.647222 0.110417 0.153704
1 0.657813 0.609259 0.116667 0.277778
1 0.336198 0.619444 0.096354 0.248148
2 0.770052 0.610185 0.108854 0.374074
2 0.235156 0.649537 0.110937 0.308333
3 0.863021 0.633796 0.084375 0.241667
3 0.158594 0.646296 0.077604 0.216667
4 0.938542 0.632407 0.063542 0.209259
4 0.102865 0.639815 0.045312 0.155556
