0 0.469340 0.618750 0.106132 0.200000
0 0.575472 0.625000 0.106132 0.204167
1 0.654481 0.607292 0.061321 0.152083
1 0.385024 0.607292 0.064858 0.160417
2 0.712854 0.610417 0.048349 0.170833
2 0.316038 0.615625 0.073113 0.172917
0 0.501769 0.805208 0.064858 0.193750
0 0.572524 0.816667 0.076651 0.183333
1 0.637382 0.814583 0.062500 0.187500
1 0.431604 0.808333 0.070755 0.195833
2 0.692217 0.816667 0.051887 0.187500
2 0.367925 0.807292 0.054245 0.185417
3 0.724057 0.782292 0.044811 0.156250
3 0.318986 0.776042 0.053066 0.127083
4 0.283019 0.756250 0.042453 0.108333
