0 0.561910 0.656250 0.102594 0.191667
0 0.660377 0.651042 0.103774 0.206250
1 0.737028 0.651042 0.056604 0.139583
1 0.477594 0.644792 0.068396 0.147917
2 0.785967 0.662500 0.038915 0.133333
2 0.407429 0.657292 0.074292 0.147917
0 0.594340 0.839583 0.066038 0.170833
0 0.658608 0.848958 0.069575 0.189583
1 0.719340 0.844792 0.054245 0.181250
1 0.523585 0.842708 0.073113 0.189583
2 0.768278 0.852083 0.043632 0.175000
2 0.459906 0.829167 0.054245 0.183333
3 0.792453 0.808333 0.047170 0.141667
3 0.409788 0.806250 0.060142 0.150000
4 0.369693 0.784375 0.043632 0.106250
