0 0.565448 0.522917 0.086085 0.166667
0 0.650943 0.531250 0.084906 0.170833
0 0.592571 0.678125 0.053066 0.143750
0 0.649175 0.682292 0.055425 0.139583
1 0.715802 0.522917 0.047170 0.133333
1 0.495283 0.521875 0.056604 0.131250
1 0.534788 0.678125 0.060142 0.152083
1 0.698703 0.683333 0.048349 0.141667
2 0.756486 0.537500 0.036557 0.150000
2 0.436321 0.528125 0.066038 0.143750
2 0.479363 0.677083 0.053066 0.141667
2 0.739387 0.691667 0.035377 0.120833
3 0.762972 0.685417 0.040094 0.125000
3 0.780071 0.560417 0.020047 0.104167
3 0.396226 0.529167 0.030660 0.129167
3 0.432193 0.659375 0.048349 0.118750
4 0.395637 0.657292 0.041274 0.106250
5 0.366745 0.650000 0.035377 0.079167
