0 0.568986 0.654167 0.097877 0.179167
0 0.666863 0.657292 0.097877 0.189583
0 0.601415 0.831250 0.066038 0.170833
0 0.665094 0.835417 0.061321 0.179167
1 0.742925 0.648958 0.047170 0.143750
1 0.489387 0.643750 0.061321 0.145833
1 0.535377 0.833333 0.063679 0.191667
1 0.723467 0.835417 0.055425 0.175000
2 0.772995 0.843750 0.048349 0.166667
2 0.785377 0.661458 0.042453 0.139583
2 0.424528 0.653125 0.063679 0.152083
2 0.473467 0.827083 0.055425 0.175000
3 0.793042 0.808333 0.048349 0.137500
3 0.423939 0.790625 0.057783 0.143750
4 0.382665 0.778125 0.045991 0.118750
