0 0.411198 0.471759 0.168229 0.306481
0 0.581250 0.460185 0.169792 0.324074
1 0.722656 0.430093 0.116146 0.300926
1 0.275000 0.456019 0.107292 0.286111
2 0.829427 0.414352 0.098437 0.332407
2 0.180990 0.485185 0.082812 0.327778
3 0.912500 0.431019 0.066667 0.273148
0 0.453385 0.675000 0.095312 0.192593
0 0.554167 0.693056 0.104167 0.145370
1 0.666667 0.648148 0.111458 0.262963
1 0.352604 0.686574 0.100000 0.237963
2 0.773177 0.639815 0.095312 0.368519
2 0.251563 0.711574 0.100000 0.313889
3 0.855469 0.650000 0.088021 0.253704
3 0.172396 0.707870 0.069792 0.212037
4 0.919792 0.634259 0.067708 0.235185
4 0.113281 0.694444 0.052604 0.179630
5 0.050781 0.689815 0.072396 0.161111
