0 0.504127 0.644792 0.109670 0.193750
0 0.613797 0.657292 0.109670 0.197917
0 0.541863 0.839583 0.062500 0.204167
0 0.611439 0.844792 0.074292 0.193750
1 0.696934 0.640625 0.063679 0.147917
1 0.419222 0.632292 0.067217 0.160417
1 0.469929 0.844792 0.079009 0.206250
1 0.677476 0.837500 0.062500 0.200000
2 0.751179 0.643750 0.044811 0.158333
2 0.346108 0.650000 0.076651 0.150000
2 0.399764 0.837500 0.058962 0.200000
2 0.734080 0.846875 0.050708 0.177083
3 0.760613 0.805208 0.051887 0.152083
3 0.348467 0.805208 0.060142 0.147917
4 0.309552 0.782292 0.041274 0.127083
