0 0.419792 0.331944 0.185417 0.321296
0 0.601823 0.320833 0.176563 0.350926
1 0.270313 0.312037 0.114583 0.307407
1 0.750000 0.311574 0.118750 0.319444
2 0.165365 0.359722 0.095312 0.343519
2 0.859896 0.327315 0.097917 0.356481
3 0.086979 0.387037 0.063542 0.288889
3 0.941667 0.353241 0.064583 0.310185
0 0.498177 0.793519 0.111979 0.288889
1 0.387240 0.814352 0.108854 0.319444
2 0.828385 0.800000 0.103646 0.375926
2 0.279427 0.818056 0.105729 0.363889
3 0.191927 0.818519 0.089063 0.294444
4 0.126823 0.825463 0.082812 0.241667
5 0.053906 0.824537 0.094271 0.195370
