0 0.477005 0.443750 0.071934 0.133333
0 0.405071 0.433333 0.069575 0.120833
0 0.399175 0.551042 0.041274 0.127083
0 0.441627 0.563542 0.043632 0.131250
1 0.490566 0.572917 0.054245 0.125000
1 0.355542 0.543750 0.038915 0.137500
1 0.538915 0.447917 0.056604 0.125000
2 0.324292 0.531250 0.035377 0.100000
2 0.594929 0.455208 0.053066 0.135417
2 0.537736 0.601042 0.047170 0.152083
3 0.635024 0.475000 0.034198 0.112500
3 0.578420 0.581250 0.041274 0.112500
4 0.660377 0.481250 0.016509 0.095833
4 0.610849 0.571875 0.033019 0.097917
5 0.679245 0.475000 0.025943 0.075000
5 0.636203 0.569792 0.031840 0.081250
6 0.658019 0.569792 0.021226 0.072917
7 0.675118 0.552083 0.024764 0.070833
