0 0.421094 0.406019 0.165104 0.312037
0 0.594531 0.411111 0.172396 0.316667
1 0.287760 0.386574 0.105729 0.282407
1 0.737500 0.390278 0.115625 0.302778
2 0.195312 0.418981 0.079167 0.334259
2 0.847135 0.388426 0.102604 0.330556
3 0.933333 0.412500 0.066667 0.267593
0 0.464583 0.637500 0.103125 0.154630
0 0.567708 0.636574 0.101042 0.163889
1 0.362240 0.628241 0.101562 0.232407
1 0.677344 0.617593 0.117188 0.231481
2 0.264323 0.653241 0.098437 0.304630
2 0.787240 0.596296 0.096354 0.364815
3 0.879427 0.631944 0.081771 0.241667
4 0.948438 0.630556 0.065625 0.201852
