0 0.517099 0.640625 0.107311 0.206250
0 0.625000 0.651042 0.108491 0.202083
0 0.550708 0.835417 0.068396 0.195833
0 0.623821 0.847917 0.075472 0.187500
1 0.705189 0.632292 0.061321 0.160417
1 0.431014 0.636458 0.064858 0.156250
1 0.480542 0.837500 0.071934 0.212500
1 0.686910 0.836458 0.060142 0.185417
2 0.757665 0.651042 0.043632 0.147917
2 0.360259 0.648958 0.074292 0.147917
2 0.414505 0.829167 0.055425 0.183333
2 0.741156 0.844792 0.050708 0.177083
3 0.766509 0.808333 0.054245 0.154167
3 0.360259 0.805208 0.057783 0.147917
4 0.320755 0.781250 0.044811 0.125000
