0 0.389151 0.473958 0.089623 0.168750
0 0.311910 0.464583 0.074292 0.133333
0 0.305425 0.597917 0.049528 0.141667
0 0.355542 0.609375 0.055425 0.164583
1 0.411557 0.626042 0.063679 0.152083
1 0.466392 0.478125 0.067217 0.135417
1 0.258255 0.584375 0.049528 0.152083
2 0.221108 0.563542 0.031840 0.131250
2 0.530660 0.492708 0.061321 0.147917
2 0.468160 0.655208 0.049528 0.160417
3 0.581958 0.512500 0.038915 0.116667
3 0.516509 0.631250 0.051887 0.129167
4 0.613797 0.513542 0.022406 0.102083
4 0.553656 0.613542 0.043632 0.097917
5 0.635024 0.505208 0.024764 0.085417
5 0.587264 0.607292 0.042453 0.081250
6 0.612028 0.593750 0.025943 0.083333
7 0.632075 0.577083 0.028302 0.070833
