0 0.579167 0.445833 0.170833 0.326852
0 0.409375 0.458796 0.168750 0.317593
1 0.719010 0.417130 0.108854 0.306481
1 0.270833 0.443981 0.108333 0.287963
2 0.825521 0.400926 0.097917 0.333333
2 0.175000 0.471296 0.080208 0.335185
3 0.910156 0.413426 0.068229 0.256481
0 0.449219 0.660185 0.095312 0.185185
0 0.553646 0.681019 0.106250 0.149074
1 0.663542 0.641204 0.108333 0.243519
1 0.349219 0.679167 0.100521 0.219444
2 0.766667 0.621759 0.100000 0.363889
2 0.249479 0.706481 0.097917 0.294444
3 0.851042 0.640278 0.087500 0.236111
3 0.172135 0.686111 0.074479 0.238889
4 0.112240 0.683796 0.050521 0.163889
4 0.917708 0.627315 0.065625 0.208333
5 0.052865 0.679630 0.074479 0.151852
