0 0.407552 0.390278 0.165104 0.306481
0 0.576042 0.390741 0.170833 0.314815
1 0.274219 0.370370 0.099479 0.277778
1 0.723958 0.364815 0.113542 0.298148
2 0.184115 0.403704 0.080729 0.318519
2 0.834115 0.375926 0.106771 0.331481
3 0.923177 0.389815 0.068229 0.279630
0 0.453385 0.751389 0.101562 0.273148
0 0.559635 0.752778 0.107813 0.270370
1 0.353646 0.762500 0.097917 0.299074
1 0.671094 0.763889 0.108854 0.296296
2 0.257552 0.787037 0.096354 0.370370
2 0.777083 0.760185 0.103125 0.370370
3 0.188542 0.765278 0.077083 0.280556
3 0.865365 0.753241 0.086979 0.306481
4 0.136198 0.756944 0.071354 0.219444
4 0.933854 0.743056 0.068750 0.256481
