0 0.533019 0.659375 0.103774 0.177083
0 0.640330 0.664583 0.106132 0.200000
0 0.566627 0.838542 0.067217 0.189583
0 0.634434 0.842708 0.075472 0.193750
1 0.718750 0.644792 0.060142 0.147917
1 0.446934 0.640625 0.066038 0.152083
1 0.496462 0.840625 0.075472 0.193750
1 0.698113 0.840625 0.061321 0.189583
2 0.754127 0.847917 0.048349 0.175000
2 0.429245 0.839583 0.056604 0.170833
2 0.770637 0.655208 0.043632 0.139583
2 0.383844 0.661458 0.064858 0.139583
3 0.380307 0.801042 0.060142 0.139583
3 0.777712 0.809375 0.045991 0.139583
4 0.338443 0.786458 0.047170 0.127083
