0 0.411719 0.332870 0.177604 0.319444
0 0.594531 0.327778 0.177604 0.350000
1 0.266927 0.311111 0.114062 0.303704
1 0.743490 0.314352 0.116146 0.323148
2 0.161198 0.360185 0.097396 0.348148
2 0.851302 0.325000 0.099479 0.370370
3 0.082552 0.382870 0.059896 0.289815
3 0.936458 0.351389 0.068750 0.302778
1 0.382031 0.813889 0.111979 0.318519
1 0.717448 0.803704 0.107813 0.309259
2 0.272917 0.816204 0.105208 0.367593
2 0.822135 0.800463 0.099479 0.382407
3 0.187240 0.821759 0.088021 0.310185
4 0.117188 0.823611 0.077083 0.256481
5 0.049740 0.822685 0.095312 0.206481
