0 0.407292 0.328704 0.183333 0.324074
0 0.587500 0.319444 0.176042 0.348148
1 0.257812 0.301852 0.113542 0.305556
1 0.736719 0.307407 0.119271 0.322222
2 0.153385 0.350000 0.095312 0.359259
2 0.849219 0.318056 0.099479 0.360185
3 0.075521 0.379167 0.061458 0.297222
3 0.931510 0.344907 0.066146 0.308333
0 0.486198 0.784259 0.116146 0.294444
1 0.374479 0.803241 0.107292 0.321296
2 0.268490 0.813426 0.103646 0.373148
2 0.820833 0.793519 0.105208 0.385185
3 0.179427 0.814352 0.089063 0.300926
4 0.114583 0.813889 0.077083 0.242593
5 0.047917 0.815278 0.091667 0.204630
