0 0.553066 0.657292 0.103774 0.193750
0 0.656250 0.667708 0.104953 0.193750
0 0.585495 0.843750 0.060142 0.179167
0 0.655071 0.848958 0.067217 0.172917
1 0.735259 0.647917 0.057783 0.154167
1 0.468750 0.647917 0.067217 0.158333
1 0.518278 0.846875 0.071934 0.202083
1 0.715802 0.843750 0.061321 0.183333
2 0.770047 0.855208 0.047170 0.181250
2 0.452830 0.838542 0.061321 0.189583
2 0.403302 0.657292 0.061321 0.160417
2 0.784198 0.660417 0.037736 0.145833
3 0.792453 0.812500 0.049528 0.137500
3 0.397406 0.805208 0.056604 0.135417
4 0.358491 0.785417 0.047170 0.133333
