0 0.396094 0.399074 0.170313 0.316667
0 0.570573 0.397685 0.175521 0.336111
1 0.258594 0.375463 0.102604 0.297222
1 0.721875 0.381481 0.121875 0.312963
2 0.835677 0.381944 0.102604 0.354630
2 0.165885 0.406019 0.085938 0.343519
3 0.101042 0.419907 0.046875 0.271296
3 0.925521 0.405093 0.073958 0.289815
0 0.436719 0.607407 0.097396 0.220370
0 0.544010 0.646759 0.111979 0.156481
1 0.657031 0.612037 0.110937 0.272222
1 0.335156 0.616667 0.095312 0.246296
2 0.767188 0.606481 0.108333 0.383333
2 0.234635 0.647222 0.105729 0.309259
3 0.863021 0.634259 0.079167 0.262963
3 0.156250 0.643519 0.075000 0.231481
4 0.935937 0.630556 0.067708 0.224074
4 0.099479 0.640278 0.050000 0.173148
