0 0.414062 0.333796 0.178125 0.328704
0 0.592708 0.326389 0.181250 0.349074
1 0.742188 0.312500 0.121875 0.325000
1 0.265625 0.315741 0.119792 0.296296
2 0.855208 0.327315 0.102083 0.360185
2 0.158854 0.355556 0.093750 0.351852
3 0.082031 0.386111 0.060937 0.292593
3 0.937760 0.354167 0.061979 0.313889
0 0.491667 0.787500 0.113542 0.284259
0 0.604688 0.790741 0.114583 0.301852
1 0.380469 0.806019 0.105729 0.317593
2 0.275000 0.816204 0.103125 0.363889
2 0.828646 0.800000 0.108333 0.383333
3 0.185938 0.819444 0.090625 0.301852
4 0.123177 0.813426 0.080729 0.226852
5 0.053906 0.812500 0.098437 0.215741
3 0.910156 0.782407 0.086979 0.311111
