0 0.613797 0.552083 0.079009 0.154167
0 0.538325 0.551042 0.076651 0.152083
0 0.561910 0.689583 0.048349 0.129167
0 0.612618 0.692708 0.055425 0.131250
1 0.673349 0.551042 0.047170 0.114583
1 0.475236 0.540625 0.051887 0.131250
1 0.509434 0.683333 0.056604 0.133333
1 0.659788 0.694792 0.043632 0.131250
2 0.714623 0.558333 0.030660 0.133333
2 0.422170 0.553125 0.054245 0.131250
2 0.456958 0.684375 0.043632 0.131250
2 0.698113 0.700000 0.033019 0.120833
3 0.717571 0.684375 0.036557 0.110417
3 0.738797 0.580208 0.020047 0.110417
3 0.386203 0.558333 0.022406 0.112500
3 0.419222 0.667708 0.045991 0.106250
4 0.385024 0.664583 0.041274 0.091667
5 0.354363 0.654167 0.034198 0.066667
