0 0.528892 0.548958 0.076651 0.147917
0 0.603774 0.546875 0.075472 0.164583
0 0.553066 0.684375 0.044811 0.131250
0 0.601415 0.684375 0.049528 0.131250
1 0.662736 0.556250 0.042453 0.112500
1 0.466981 0.539583 0.049528 0.120833
1 0.502358 0.683333 0.056604 0.129167
1 0.646816 0.689583 0.050708 0.116667
2 0.698703 0.562500 0.034198 0.125000
2 0.416863 0.556250 0.053066 0.125000
2 0.454599 0.683333 0.043632 0.120833
2 0.685142 0.693750 0.035377 0.108333
3 0.706368 0.684375 0.035377 0.106250
3 0.724646 0.578125 0.022406 0.110417
3 0.381486 0.561458 0.029481 0.106250
3 0.413325 0.666667 0.045991 0.104167
4 0.382075 0.662500 0.035377 0.095833
5 0.356132 0.655208 0.033019 0.072917
