0 0.400521 0.408333 0.165625 0.301852
0 0.570573 0.406481 0.172396 0.316667
1 0.268490 0.390741 0.101562 0.277778
1 0.716667 0.379167 0.115625 0.300926
2 0.177344 0.416667 0.078646 0.322222
2 0.826562 0.385648 0.107292 0.330556
3 0.917188 0.408796 0.072917 0.275000
0 0.447917 0.775000 0.103125 0.262963
0 0.555208 0.778704 0.109375 0.270370
1 0.347917 0.792130 0.101042 0.295370
1 0.667969 0.787037 0.108854 0.285185
2 0.770833 0.784722 0.096875 0.360185
2 0.250781 0.800000 0.085938 0.350000
3 0.858073 0.768519 0.090104 0.324074
3 0.184635 0.779167 0.081771 0.295370
4 0.926302 0.762500 0.080729 0.243519
4 0.135156 0.781019 0.068229 0.219444
