0 0.413542 0.476389 0.162500 0.313889
0 0.581250 0.469444 0.169792 0.327778
1 0.722396 0.437500 0.113542 0.306481
1 0.276823 0.461111 0.108854 0.285185
2 0.830208 0.421759 0.100000 0.334259
2 0.179167 0.492130 0.086458 0.339815
3 0.914062 0.432407 0.066667 0.275926
0 0.452344 0.682407 0.091146 0.183333
0 0.557292 0.703241 0.104167 0.139815
1 0.666146 0.661111 0.109375 0.255556
1 0.351042 0.698611 0.104167 0.225000
2 0.773958 0.645370 0.100000 0.368519
2 0.251823 0.719907 0.091146 0.304630
3 0.857292 0.665278 0.084375 0.237963
3 0.174479 0.712500 0.066667 0.226852
4 0.921094 0.643981 0.064062 0.215741
4 0.113542 0.701852 0.048958 0.185185
5 0.058594 0.696759 0.074479 0.158333
