0 0.342571 0.546875 0.067217 0.143750
0 0.419811 0.556250 0.084906 0.158333
0 0.339033 0.670833 0.041274 0.133333
0 0.386203 0.689583 0.053066 0.141667
1 0.492925 0.546875 0.058962 0.131250
1 0.438679 0.696875 0.056604 0.139583
1 0.293042 0.656250 0.043632 0.137500
2 0.552476 0.559375 0.060142 0.152083
2 0.489976 0.719792 0.055425 0.156250
2 0.259434 0.644792 0.033019 0.122917
3 0.605542 0.579167 0.036557 0.125000
3 0.536557 0.700000 0.049528 0.120833
4 0.627358 0.570833 0.018868 0.104167
4 0.573703 0.686458 0.038915 0.089583
5 0.653892 0.570833 0.029481 0.079167
5 0.606132 0.670833 0.037736 0.083333
6 0.627948 0.664583 0.027123 0.083333
7 0.653892 0.640625 0.031840 0.081250
