0 0.411719 0.421759 0.168229 0.315741
0 0.581510 0.406944 0.170313 0.323148
1 0.720313 0.372222 0.107292 0.314815
2 0.822135 0.362500 0.101562 0.339815
3 0.904167 0.377778 0.062500 0.268519
0 0.464844 0.802778 0.102604 0.270370
0 0.573438 0.799537 0.111458 0.276852
1 0.685156 0.794444 0.110937 0.294444
1 0.365104 0.824074 0.101042 0.294444
2 0.784115 0.778241 0.097396 0.358333
3 0.863021 0.756944 0.085417 0.306481
4 0.919271 0.740278 0.080208 0.234259
3 0.185677 0.829167 0.083854 0.284259
4 0.123438 0.833333 0.066667 0.235185
5 0.060937 0.829630 0.094792 0.203704
