0 0.416667 0.320833 0.177083 0.325000
0 0.596354 0.323611 0.178125 0.349074
1 0.266406 0.306019 0.119271 0.306481
1 0.746094 0.307870 0.118229 0.323148
2 0.160417 0.348148 0.091667 0.350000
2 0.856771 0.317130 0.097917 0.358333
3 0.083854 0.381481 0.064583 0.301852
3 0.937240 0.348611 0.064062 0.313889
0 0.495573 0.786574 0.117188 0.289815
1 0.382812 0.800000 0.110417 0.316667
2 0.824740 0.793056 0.103646 0.389815
2 0.275521 0.810648 0.105208 0.373148
3 0.187760 0.813889 0.089063 0.312963
4 0.124479 0.813889 0.081250 0.237037
5 0.054688 0.812963 0.103125 0.203704
