0 0.414323 0.420370 0.165104 0.314815
0 0.583594 0.408796 0.169271 0.325000
1 0.724479 0.371296 0.109375 0.307407
2 0.825000 0.361111 0.093750 0.338889
3 0.904687 0.378704 0.061458 0.272222
0 0.467969 0.798611 0.106771 0.271296
0 0.574740 0.796296 0.104688 0.262963
1 0.683333 0.793056 0.109375 0.289815
1 0.364844 0.819907 0.100521 0.297222
2 0.784896 0.780556 0.095833 0.370370
3 0.862240 0.759722 0.084896 0.297222
4 0.922396 0.741204 0.070833 0.254630
3 0.188802 0.825463 0.082812 0.286111
4 0.126823 0.824537 0.070312 0.226852
5 0.058594 0.821759 0.097396 0.195370
2 0.174740 0.450463 0.092188 0.321296
3 0.098958 0.469907 0.059375 0.273148
