0 0.413281 0.427315 0.167187 0.308333
0 0.580990 0.415278 0.169271 0.325000
1 0.272396 0.419907 0.111458 0.280556
1 0.721615 0.378241 0.105729 0.304630
2 0.823958 0.366667 0.095833 0.344444
3 0.903385 0.378241 0.058854 0.284259
0 0.467969 0.812037 0.104688 0.261111
0 0.576042 0.809722 0.109375 0.267593
1 0.684635 0.809722 0.105729 0.287963
1 0.366667 0.836574 0.101042 0.304630
2 0.786719 0.795370 0.100521 0.364815
3 0.863542 0.769907 0.083333 0.302778
4 0.922917 0.756481 0.072917 0.246296
3 0.189062 0.837037 0.081250 0.281481
4 0.126042 0.841204 0.065625 0.228704
5 0.065365 0.833796 0.096354 0.199074
