0 0.415365 0.433796 0.163021 0.313889
0 0.587760 0.417593 0.174479 0.331481
1 0.728646 0.381019 0.104167 0.299074
1 0.274740 0.422222 0.109896 0.290741
2 0.828385 0.370370 0.092188 0.342593
3 0.904948 0.384259 0.057813 0.272222
0 0.472135 0.813889 0.105729 0.264815
0 0.579167 0.814352 0.105208 0.273148
1 0.684896 0.814815 0.105208 0.281481
1 0.369792 0.840278 0.097917 0.300926
2 0.785937 0.795370 0.098958 0.364815
3 0.865365 0.772222 0.083854 0.298148
4 0.923698 0.750926 0.074479 0.240741
3 0.189844 0.839815 0.080729 0.279630
4 0.130208 0.842593 0.073958 0.227778
5 0.061198 0.837963 0.096354 0.198148
