0 0.417969 0.327315 0.181771 0.336111
0 0.597135 0.324074 0.179688 0.348148
1 0.271875 0.307407 0.117708 0.305556
1 0.745833 0.310648 0.120833 0.323148
2 0.164583 0.354167 0.097917 0.356481
2 0.856771 0.322685 0.100000 0.350926
3 0.085677 0.386574 0.063021 0.289815
3 0.939063 0.348148 0.060417 0.312963
0 0.493750 0.787037 0.113542 0.300000
1 0.380990 0.807870 0.107813 0.319444
1 0.721354 0.801852 0.105208 0.318519
2 0.825260 0.794907 0.102604 0.387963
2 0.277344 0.816667 0.103646 0.366667
3 0.188281 0.811574 0.088021 0.304630
4 0.122656 0.814352 0.077604 0.241667
5 0.053385 0.813426 0.094271 0.200926
