0 0.530660 0.548958 0.073113 0.147917
0 0.605542 0.557292 0.076651 0.152083
0 0.556014 0.687500 0.050708 0.129167
0 0.606132 0.689583 0.049528 0.129167
1 0.664505 0.554167 0.043632 0.120833
1 0.468750 0.548958 0.050708 0.114583
1 0.503538 0.686458 0.054245 0.135417
1 0.647995 0.690625 0.048349 0.122917
2 0.703420 0.557292 0.034198 0.131250
2 0.418632 0.552083 0.054245 0.137500
2 0.455778 0.689583 0.041274 0.137500
2 0.685731 0.700000 0.038915 0.095833
3 0.708726 0.687500 0.035377 0.100000
3 0.415684 0.672917 0.045991 0.108333
3 0.382665 0.559375 0.027123 0.131250
3 0.727005 0.570833 0.024764 0.104167
4 0.382665 0.662500 0.036557 0.095833
5 0.356132 0.656250 0.033019 0.079167
