0 0.561910 0.532292 0.086085 0.160417
0 0.645047 0.533333 0.087264 0.170833
0 0.588443 0.683333 0.051887 0.141667
0 0.642689 0.686458 0.056604 0.147917
1 0.706368 0.533333 0.042453 0.133333
1 0.491156 0.528125 0.050708 0.127083
1 0.530660 0.680208 0.061321 0.147917
1 0.691627 0.684375 0.048349 0.135417
2 0.747052 0.547917 0.038915 0.133333
2 0.435731 0.536458 0.060142 0.139583
2 0.730542 0.694792 0.036557 0.118750
2 0.477005 0.683333 0.048349 0.129167
3 0.752948 0.681250 0.034198 0.112500
3 0.432193 0.664583 0.048349 0.116667
3 0.393868 0.545833 0.030660 0.129167
4 0.396226 0.658333 0.040094 0.095833
3 0.771226 0.569792 0.023585 0.106250
5 0.364387 0.645833 0.030660 0.066667
