0 0.473467 0.454167 0.079009 0.137500
0 0.403302 0.446875 0.068396 0.122917
0 0.399175 0.564583 0.043632 0.133333
0 0.442807 0.578125 0.041274 0.127083
1 0.540094 0.457292 0.051887 0.118750
1 0.491156 0.582292 0.055425 0.131250
1 0.354953 0.555208 0.040094 0.135417
2 0.592571 0.470833 0.057783 0.145833
2 0.535967 0.609375 0.043632 0.147917
2 0.318396 0.550000 0.033019 0.125000
3 0.577241 0.597917 0.043632 0.116667
3 0.635613 0.483333 0.035377 0.112500
4 0.610259 0.591667 0.031840 0.091667
4 0.656840 0.497917 0.016509 0.083333
5 0.678066 0.486458 0.025943 0.089583
5 0.637972 0.583333 0.033019 0.087500
6 0.658019 0.579167 0.021226 0.066667
7 0.675708 0.560417 0.025943 0.066667
