0 0.574740 0.443519 0.171354 0.322222
0 0.406771 0.452315 0.166667 0.319444
1 0.717969 0.413889 0.113021 0.301852
1 0.270052 0.437037 0.104688 0.288889
2 0.826042 0.390278 0.102083 0.337963
2 0.176302 0.468056 0.082812 0.319444
3 0.907813 0.409722 0.061458 0.262037
0 0.446354 0.658796 0.096875 0.182407
0 0.547917 0.677778 0.106250 0.155556
1 0.657031 0.637500 0.109896 0.250926
1 0.348438 0.671296 0.100000 0.222222
2 0.760156 0.618519 0.102604 0.357407
2 0.247135 0.690741 0.100521 0.309259
3 0.853125 0.633333 0.083333 0.237037
3 0.168750 0.681019 0.072917 0.195370
4 0.915625 0.618981 0.066667 0.219444
4 0.109115 0.681481 0.050521 0.162963
5 0.047917 0.680093 0.069792 0.160185
