0 0.563090 0.518750 0.086085 0.175000
0 0.647995 0.526042 0.086085 0.172917
0 0.590212 0.675000 0.053066 0.137500
0 0.645047 0.678125 0.061321 0.143750
1 0.709906 0.529167 0.042453 0.120833
1 0.492335 0.514583 0.055425 0.129167
1 0.533608 0.675000 0.060142 0.145833
1 0.695165 0.676042 0.053066 0.135417
2 0.748231 0.530208 0.036557 0.147917
2 0.734670 0.690625 0.037736 0.135417
2 0.435142 0.522917 0.063679 0.133333
2 0.476415 0.675000 0.049528 0.137500
3 0.774175 0.558333 0.022406 0.104167
3 0.757075 0.678125 0.035377 0.122917
3 0.396226 0.529167 0.033019 0.129167
3 0.430425 0.656250 0.056604 0.125000
4 0.397995 0.648958 0.043632 0.106250
5 0.366745 0.636458 0.030660 0.081250
