0 0.420312 0.328704 0.183333 0.329630
0 0.600260 0.322685 0.173437 0.341667
1 0.271094 0.310648 0.119271 0.299074
1 0.747917 0.308333 0.115625 0.322222
2 0.164844 0.350926 0.095312 0.350000
2 0.857812 0.321759 0.101042 0.352778
3 0.088281 0.385185 0.060937 0.294444
3 0.941146 0.350000 0.065625 0.305556
0 0.496094 0.777315 0.116146 0.289815
0 0.610417 0.781481 0.112500 0.296296
1 0.383333 0.800463 0.106250 0.315741
2 0.276042 0.812500 0.105208 0.375000
3 0.189323 0.814352 0.090104 0.302778
4 0.127083 0.807870 0.077083 0.230556
5 0.056510 0.809259 0.093229 0.209259
