0 0.392708 0.392593 0.170833 0.320370
0 0.566406 0.394444 0.176563 0.337037
1 0.254948 0.373148 0.102604 0.288889
1 0.716667 0.377315 0.119792 0.315741
2 0.830990 0.381481 0.108854 0.353704
2 0.161979 0.398611 0.082292 0.339815
3 0.098698 0.410648 0.043229 0.293519
3 0.922135 0.389815 0.075521 0.309259
0 0.436198 0.619907 0.106771 0.186111
0 0.542708 0.640741 0.106250 0.164815
1 0.655990 0.615278 0.117188 0.271296
1 0.332552 0.615741 0.096354 0.242593
2 0.766406 0.604630 0.102604 0.379630
2 0.231250 0.645833 0.106250 0.306481
3 0.860417 0.634259 0.087500 0.238889
3 0.152865 0.639352 0.074479 0.236111
4 0.933594 0.624537 0.067187 0.219444
4 0.098698 0.633333 0.045312 0.168519
