0 0.398177 0.403241 0.175521 0.312037
0 0.573177 0.394444 0.171354 0.350000
1 0.720052 0.384259 0.122396 0.307407
1 0.259635 0.376852 0.107813 0.283333
2 0.834635 0.383796 0.108854 0.341667
2 0.165104 0.402315 0.078125 0.339815
3 0.927865 0.400926 0.071354 0.292593
3 0.103125 0.414352 0.045833 0.289815
0 0.434896 0.606481 0.095833 0.220370
0 0.543490 0.644444 0.115104 0.151852
1 0.659115 0.611111 0.115104 0.274074
1 0.336458 0.625000 0.100000 0.235185
2 0.771354 0.604630 0.100000 0.388889
2 0.235417 0.653241 0.105208 0.304630
3 0.864323 0.644444 0.085938 0.246296
3 0.160156 0.641204 0.074479 0.232407
4 0.936719 0.626852 0.066146 0.218519
4 0.102344 0.637037 0.048438 0.157407
