0 0.496462 0.634375 0.106132 0.197917
0 0.606132 0.638542 0.110849 0.197917
1 0.683373 0.622917 0.064858 0.162500
1 0.412736 0.617708 0.066038 0.168750
2 0.739976 0.639583 0.045991 0.137500
2 0.339623 0.637500 0.075472 0.158333
0 0.533019 0.826042 0.066038 0.193750
0 0.602594 0.832292 0.070755 0.189583
1 0.666863 0.829167 0.064858 0.191667
1 0.462854 0.833333 0.074292 0.208333
2 0.721698 0.835417 0.051887 0.195833
2 0.396226 0.822917 0.058962 0.183333
3 0.750590 0.796875 0.045991 0.143750
3 0.343750 0.793750 0.057783 0.158333
4 0.306604 0.770833 0.049528 0.116667
