0 0.573698 0.445370 0.170313 0.322222
0 0.406771 0.453241 0.166667 0.312037
1 0.717448 0.416667 0.114062 0.296296
1 0.268490 0.437963 0.109896 0.285185
2 0.823177 0.394444 0.099479 0.340741
2 0.172396 0.475926 0.080208 0.320370
3 0.906510 0.421296 0.064062 0.264815
0 0.550521 0.679630 0.103125 0.146296
0 0.446094 0.659722 0.098437 0.186111
1 0.656510 0.645370 0.114062 0.235185
1 0.346615 0.678241 0.096354 0.221296
2 0.763281 0.618056 0.099479 0.369444
2 0.248177 0.702315 0.098437 0.297222
3 0.850000 0.641667 0.084375 0.237037
3 0.166927 0.679630 0.070312 0.214815
4 0.916667 0.632407 0.064583 0.209259
4 0.108854 0.690741 0.048958 0.151852
5 0.048698 0.680093 0.071354 0.145370
