0 0.420833 0.331481 0.178125 0.324074
0 0.598437 0.320370 0.177083 0.350000
1 0.746875 0.312037 0.117708 0.325926
1 0.271615 0.311111 0.117188 0.303704
2 0.164062 0.349537 0.096875 0.352778
2 0.858854 0.320833 0.102083 0.362037
3 0.086458 0.381944 0.057292 0.286111
3 0.944531 0.350463 0.063021 0.308333
0 0.497656 0.773611 0.109896 0.280556
0 0.610938 0.779630 0.116667 0.290741
1 0.387240 0.793519 0.114062 0.318519
2 0.274740 0.812037 0.100521 0.375926
3 0.193490 0.808796 0.088021 0.304630
4 0.125521 0.806019 0.072917 0.232407
5 0.056510 0.812037 0.100521 0.209259
