0 0.586198 0.319907 0.177604 0.345370
0 0.406510 0.322685 0.175521 0.328704
1 0.259896 0.306481 0.120833 0.307407
1 0.735417 0.302778 0.117708 0.325926
2 0.152865 0.350463 0.094271 0.354630
2 0.845052 0.318519 0.101562 0.366667
3 0.075521 0.378241 0.061458 0.289815
3 0.931250 0.346296 0.065625 0.309259
0 0.481250 0.782407 0.109375 0.292593
1 0.370573 0.803704 0.113021 0.322222
2 0.815625 0.793981 0.103125 0.387963
2 0.263802 0.814815 0.101562 0.370370
3 0.179427 0.814352 0.091146 0.308333
4 0.112500 0.811111 0.078125 0.253704
5 0.047135 0.812500 0.093229 0.199074
