0 0.409896 0.328241 0.176042 0.321296
0 0.590625 0.322685 0.180208 0.339815
1 0.262760 0.310185 0.116146 0.296296
1 0.739583 0.307870 0.117708 0.323148
2 0.156771 0.354630 0.097917 0.351852
2 0.847396 0.319907 0.104167 0.362037
3 0.079427 0.386111 0.058854 0.287037
3 0.932292 0.350463 0.065625 0.312037
0 0.485938 0.780556 0.115625 0.287037
1 0.373698 0.802315 0.108854 0.317593
2 0.266406 0.813889 0.102604 0.372222
2 0.817708 0.792593 0.107292 0.381481
3 0.179688 0.815278 0.092708 0.304630
4 0.114583 0.814352 0.079167 0.236111
5 0.049219 0.811574 0.091146 0.200926
