0 0.412500 0.326852 0.181250 0.325926
0 0.592187 0.324074 0.175000 0.348148
1 0.265104 0.313889 0.114583 0.298148
1 0.742188 0.310185 0.120833 0.322222
2 0.851042 0.320370 0.096875 0.361111
2 0.159115 0.352315 0.094271 0.347222
3 0.080729 0.385648 0.065625 0.280556
3 0.932552 0.353241 0.065104 0.310185
0 0.489323 0.783333 0.115104 0.283333
1 0.376563 0.800926 0.105208 0.311111
2 0.821875 0.795833 0.103125 0.380556
2 0.272917 0.817130 0.101042 0.365741
3 0.182031 0.812963 0.089063 0.305556
4 0.118490 0.815278 0.080729 0.237963
5 0.050260 0.813889 0.097396 0.201852
