0 0.545991 0.663542 0.103774 0.197917
0 0.650354 0.668750 0.104953 0.195833
0 0.579009 0.851042 0.063679 0.189583
0 0.645047 0.859375 0.066038 0.185417
1 0.727005 0.655208 0.057783 0.147917
1 0.459316 0.659375 0.069575 0.143750
1 0.510024 0.852083 0.074292 0.195833
1 0.709906 0.848958 0.061321 0.181250
2 0.763561 0.860417 0.048349 0.175000
2 0.780071 0.665625 0.041274 0.143750
2 0.389151 0.667708 0.073113 0.147917
2 0.441627 0.850000 0.050708 0.179167
3 0.785377 0.817708 0.051887 0.139583
3 0.390920 0.810417 0.057783 0.133333
4 0.350825 0.793750 0.043632 0.116667
