0 0.407813 0.325463 0.178125 0.321296
0 0.586979 0.318519 0.179167 0.344444
1 0.259375 0.310185 0.118750 0.298148
1 0.736719 0.306481 0.122396 0.314815
2 0.153906 0.350926 0.092188 0.353704
2 0.845833 0.316667 0.102083 0.357407
3 0.075000 0.379167 0.062500 0.287963
3 0.929167 0.344444 0.064583 0.307407
0 0.482292 0.784722 0.110417 0.295370
1 0.371354 0.799537 0.107292 0.313889
2 0.266146 0.810185 0.102083 0.379630
2 0.817187 0.793981 0.102083 0.382407
3 0.178385 0.812500 0.091146 0.310185
4 0.110677 0.809259 0.074479 0.238889
5 0.047917 0.811111 0.088542 0.201852
