0 0.420052 0.330556 0.178646 0.318519
0 0.599740 0.323148 0.178646 0.346296
1 0.271354 0.312037 0.115625 0.294444
1 0.748698 0.312037 0.119271 0.320370
2 0.165885 0.353241 0.094271 0.358333
2 0.860156 0.324074 0.100521 0.353704
3 0.086979 0.383796 0.063542 0.295370
3 0.943229 0.349537 0.062500 0.310185
0 0.497917 0.798148 0.116667 0.292593
1 0.384635 0.809722 0.104688 0.321296
1 0.725000 0.809722 0.108333 0.312037
2 0.829948 0.800926 0.101562 0.383333
2 0.277865 0.816667 0.105729 0.366667
3 0.191667 0.818519 0.087500 0.311111
4 0.126042 0.822685 0.078125 0.241667
5 0.059115 0.824074 0.105729 0.201852
