0 0.409635 0.320833 0.177604 0.325000
0 0.589323 0.318519 0.178646 0.355556
1 0.261979 0.306944 0.120833 0.299074
1 0.738281 0.304630 0.122396 0.318519
2 0.153646 0.354167 0.095833 0.343519
2 0.848698 0.315741 0.098437 0.355556
3 0.077083 0.380556 0.057292 0.288889
3 0.934375 0.346296 0.064583 0.309259
0 0.485938 0.784259 0.115625 0.290741
1 0.373958 0.799074 0.104167 0.314815
2 0.821354 0.789352 0.101042 0.378704
3 0.904687 0.777778 0.084375 0.318519
2 0.267448 0.815278 0.103646 0.369444
3 0.180990 0.812963 0.090104 0.298148
4 0.116146 0.811111 0.075000 0.240741
5 0.046094 0.811574 0.091146 0.200926
