0 0.408333 0.466667 0.163542 0.311111
0 0.576302 0.452315 0.171354 0.321296
1 0.272656 0.450000 0.108854 0.283333
1 0.719010 0.421759 0.111979 0.302778
2 0.823698 0.406019 0.098437 0.323148
2 0.174219 0.478704 0.090104 0.335185
3 0.906250 0.423148 0.063542 0.257407
0 0.444531 0.672685 0.101562 0.187963
0 0.548177 0.687963 0.105729 0.157407
1 0.659375 0.651852 0.112500 0.237037
1 0.348438 0.678241 0.093750 0.232407
2 0.765885 0.628241 0.098437 0.365741
2 0.251563 0.702315 0.100000 0.312037
3 0.851562 0.649537 0.084375 0.243519
3 0.167708 0.694907 0.068750 0.237963
4 0.918229 0.634722 0.066667 0.213889
4 0.109375 0.698611 0.050000 0.165741
5 0.050781 0.691667 0.072396 0.148148
