0 0.416927 0.414815 0.171354 0.309259
0 0.588021 0.404630 0.168750 0.325926
1 0.276042 0.403704 0.110417 0.279630
1 0.726042 0.360648 0.108333 0.312037
2 0.828906 0.354630 0.094271 0.346296
3 0.907292 0.374074 0.059375 0.270370
0 0.472917 0.806019 0.104167 0.269444
0 0.580469 0.800463 0.107813 0.280556
1 0.369531 0.824537 0.102604 0.291667
1 0.689063 0.794907 0.106250 0.289815
2 0.790885 0.783796 0.098437 0.367593
3 0.190885 0.829630 0.084896 0.275926
4 0.129688 0.832407 0.072917 0.227778
5 0.063021 0.824074 0.096875 0.200000
