0 0.564858 0.520833 0.084906 0.183333
0 0.649175 0.528125 0.086085 0.168750
0 0.593160 0.679167 0.054245 0.137500
0 0.646226 0.677083 0.054245 0.137500
1 0.712264 0.529167 0.042453 0.129167
1 0.493514 0.521875 0.053066 0.127083
1 0.537146 0.670833 0.062500 0.154167
1 0.694575 0.680208 0.049528 0.135417
2 0.752948 0.535417 0.036557 0.145833
2 0.436321 0.525000 0.063679 0.150000
2 0.480542 0.675000 0.050708 0.137500
2 0.736439 0.690625 0.038915 0.114583
3 0.760024 0.677083 0.036557 0.116667
3 0.432193 0.653125 0.053066 0.118750
3 0.397995 0.540625 0.027123 0.114583
3 0.778302 0.555208 0.018868 0.114583
4 0.395637 0.653125 0.041274 0.102083
5 0.366745 0.643750 0.033019 0.066667
