0 0.336085 0.536458 0.073113 0.143750
0 0.414505 0.547917 0.083726 0.162500
0 0.333137 0.667708 0.045991 0.139583
0 0.380307 0.677083 0.050708 0.141667
1 0.487618 0.546875 0.062500 0.131250
1 0.434552 0.689583 0.057783 0.141667
1 0.286557 0.650000 0.044811 0.137500
2 0.545991 0.562500 0.061321 0.154167
2 0.486439 0.715625 0.053066 0.152083
2 0.253538 0.639583 0.030660 0.125000
3 0.534198 0.695833 0.049528 0.129167
3 0.596698 0.572917 0.037736 0.125000
4 0.570165 0.681250 0.034198 0.100000
4 0.624410 0.572917 0.020047 0.091667
5 0.647406 0.564583 0.023585 0.079167
5 0.605542 0.661458 0.038915 0.085417
6 0.625590 0.654167 0.024764 0.075000
7 0.645637 0.632292 0.031840 0.072917
