0 0.417448 0.325000 0.174479 0.327778
0 0.596875 0.323148 0.177083 0.346296
1 0.267188 0.312037 0.119792 0.318519
1 0.747396 0.306481 0.117708 0.325926
2 0.160417 0.356944 0.093750 0.349074
2 0.858073 0.321759 0.100521 0.362037
3 0.082292 0.389815 0.060417 0.290741
3 0.940885 0.348148 0.061979 0.307407
0 0.495052 0.778704 0.114062 0.292593
0 0.609896 0.779630 0.115625 0.303704
1 0.383073 0.799074 0.110937 0.325926
2 0.275260 0.809259 0.104688 0.381481
3 0.189323 0.810185 0.090104 0.325926
4 0.124479 0.812500 0.079167 0.239815
5 0.057292 0.812963 0.102083 0.203704
