0 0.407292 0.325926 0.178125 0.322222
0 0.588802 0.318981 0.179688 0.347222
1 0.258854 0.306019 0.118750 0.308333
1 0.737240 0.307407 0.121354 0.311111
2 0.850260 0.316667 0.105729 0.353704
2 0.152604 0.344907 0.093750 0.349074
3 0.077604 0.375000 0.059375 0.294444
3 0.932813 0.344907 0.061458 0.300926
0 0.488802 0.769444 0.110937 0.288889
0 0.602865 0.773611 0.117188 0.291667
1 0.377344 0.789815 0.106771 0.324074
1 0.716927 0.776852 0.106771 0.311111
2 0.270052 0.806019 0.107813 0.382407
3 0.183333 0.805093 0.086458 0.302778
4 0.119010 0.803704 0.077604 0.238889
5 0.053125 0.806944 0.090625 0.202778
