0 0.504717 0.628125 0.108491 0.202083
0 0.612028 0.634375 0.108491 0.202083
1 0.694575 0.611458 0.066038 0.168750
1 0.420401 0.627083 0.064858 0.145833
2 0.352594 0.625000 0.077830 0.179167
2 0.746462 0.633333 0.044811 0.145833
0 0.538915 0.818750 0.070755 0.183333
0 0.611439 0.825000 0.069575 0.187500
1 0.675118 0.821875 0.067217 0.185417
1 0.465212 0.820833 0.076651 0.191667
2 0.732311 0.829167 0.047170 0.183333
2 0.401533 0.821875 0.055425 0.181250
3 0.760024 0.786458 0.053066 0.139583
3 0.351415 0.787500 0.058962 0.137500
5 0.309552 0.762500 0.045991 0.137500
