0 0.413802 0.325463 0.176563 0.323148
0 0.592708 0.314352 0.178125 0.343519
1 0.264323 0.306944 0.119271 0.295370
1 0.741667 0.304167 0.122917 0.315741
2 0.158073 0.349537 0.095312 0.350926
2 0.853906 0.315278 0.099479 0.362037
3 0.079167 0.382407 0.059375 0.287037
3 0.936979 0.343519 0.060417 0.303704
0 0.491406 0.780556 0.110937 0.283333
0 0.605208 0.787037 0.112500 0.300000
1 0.382552 0.796296 0.110937 0.318519
2 0.275000 0.813889 0.105208 0.372222
2 0.823177 0.786111 0.105729 0.381481
3 0.909635 0.781481 0.085938 0.325926
3 0.186719 0.816204 0.089063 0.310185
4 0.120573 0.812500 0.077604 0.239815
5 0.051562 0.808796 0.090625 0.197222
