0 0.323113 0.536458 0.070755 0.147917
0 0.400943 0.545833 0.087264 0.166667
0 0.317807 0.671875 0.043632 0.131250
0 0.364976 0.678125 0.050708 0.135417
1 0.475236 0.537500 0.056604 0.137500
1 0.419811 0.690625 0.063679 0.135417
1 0.274175 0.648958 0.043632 0.143750
2 0.537736 0.548958 0.061321 0.152083
2 0.475825 0.707292 0.053066 0.156250
2 0.238208 0.633333 0.030660 0.120833
3 0.587264 0.566667 0.035377 0.116667
3 0.521226 0.694792 0.051887 0.131250
4 0.614976 0.567708 0.022406 0.102083
4 0.559552 0.672917 0.043632 0.104167
5 0.641509 0.559375 0.025943 0.060417
5 0.592571 0.662500 0.036557 0.087500
6 0.617925 0.658333 0.023585 0.070833
7 0.639741 0.625000 0.029481 0.070833
