0 0.491156 0.627083 0.102594 0.195833
0 0.597877 0.630208 0.108491 0.202083
1 0.678656 0.614583 0.060142 0.150000
1 0.408019 0.623958 0.066038 0.143750
2 0.731722 0.630208 0.045991 0.139583
2 0.339623 0.627083 0.075472 0.162500
0 0.522406 0.815625 0.063679 0.189583
0 0.593160 0.817708 0.077830 0.193750
1 0.659198 0.817708 0.063679 0.185417
1 0.453420 0.813542 0.074292 0.202083
2 0.714033 0.828125 0.050708 0.181250
2 0.389741 0.811458 0.053066 0.185417
3 0.745873 0.782292 0.045991 0.139583
3 0.340802 0.773958 0.058962 0.152083
4 0.304835 0.771875 0.045991 0.131250
