0 0.576651 0.680208 0.096698 0.172917
0 0.670401 0.676042 0.097877 0.181250
0 0.608491 0.843750 0.061321 0.166667
0 0.666274 0.853125 0.056604 0.168750
1 0.744104 0.667708 0.049528 0.131250
1 0.724646 0.841667 0.055425 0.166667
1 0.500000 0.665625 0.061321 0.131250
1 0.543042 0.846875 0.062500 0.172917
2 0.772406 0.853125 0.042453 0.172917
2 0.788325 0.675000 0.034198 0.133333
2 0.432193 0.671875 0.067217 0.143750
2 0.483491 0.838542 0.054245 0.177083
3 0.432783 0.810417 0.054245 0.125000
3 0.793042 0.818750 0.045991 0.133333
4 0.396226 0.793750 0.042453 0.112500
