0 0.538915 0.543750 0.077830 0.154167
0 0.617925 0.547917 0.080189 0.166667
0 0.564269 0.686458 0.048349 0.135417
0 0.613208 0.695833 0.051887 0.129167
1 0.676887 0.550000 0.042453 0.112500
1 0.475825 0.542708 0.048349 0.127083
1 0.513561 0.686458 0.053066 0.143750
1 0.660377 0.691667 0.042453 0.137500
2 0.715212 0.562500 0.036557 0.133333
2 0.422759 0.544792 0.060142 0.139583
2 0.461675 0.689583 0.050708 0.125000
2 0.700472 0.694792 0.037736 0.106250
3 0.739976 0.572917 0.020047 0.112500
3 0.721108 0.687500 0.034198 0.104167
3 0.386203 0.555208 0.024764 0.114583
3 0.419222 0.675000 0.048349 0.112500
4 0.386203 0.661458 0.041274 0.085417
5 0.359670 0.658333 0.028302 0.079167
