0 0.389151 0.521875 0.068396 0.131250
0 0.460495 0.528125 0.076651 0.147917
0 0.383844 0.639583 0.043632 0.125000
0 0.428656 0.656250 0.041274 0.133333
1 0.525354 0.534375 0.057783 0.118750
1 0.477594 0.661458 0.056604 0.135417
1 0.343750 0.630208 0.043632 0.143750
2 0.581958 0.537500 0.053066 0.137500
2 0.524764 0.688542 0.044811 0.152083
2 0.304835 0.615625 0.027123 0.110417
3 0.627948 0.553125 0.034198 0.110417
3 0.567807 0.666667 0.043632 0.120833
4 0.652123 0.562500 0.016509 0.091667
4 0.597288 0.658333 0.036557 0.095833
5 0.672170 0.553125 0.028302 0.081250
5 0.629127 0.648958 0.036557 0.093750
6 0.646226 0.643750 0.025943 0.091667
7 0.665684 0.621875 0.024764 0.072917
