0 0.410417 0.418981 0.172917 0.312037
0 0.580469 0.405556 0.167187 0.324074
1 0.719531 0.366667 0.107813 0.303704
2 0.820573 0.362037 0.092188 0.344444
3 0.898438 0.372222 0.060417 0.270370
0 0.463542 0.793981 0.107292 0.269444
0 0.570573 0.793519 0.107813 0.274074
1 0.679167 0.789815 0.107292 0.290741
1 0.360938 0.818981 0.097917 0.299074
2 0.780729 0.775926 0.102083 0.372222
3 0.859896 0.753241 0.083333 0.299074
4 0.917448 0.737963 0.074479 0.250000
3 0.183854 0.825000 0.082292 0.281481
4 0.122656 0.821296 0.066146 0.227778
5 0.057552 0.813426 0.096354 0.212037
