0 0.462264 0.595833 0.106132 0.191667
0 0.571344 0.588542 0.109670 0.214583
1 0.653892 0.585417 0.062500 0.154167
1 0.378538 0.580208 0.066038 0.168750
2 0.712264 0.595833 0.047170 0.150000
2 0.306014 0.596875 0.081368 0.160417
0 0.498821 0.782292 0.063679 0.189583
0 0.566627 0.788542 0.069575 0.197917
1 0.633255 0.789583 0.063679 0.200000
1 0.426887 0.790625 0.080189 0.202083
2 0.688090 0.796875 0.048349 0.181250
2 0.360259 0.784375 0.057783 0.185417
3 0.719340 0.756250 0.047170 0.150000
3 0.308962 0.754167 0.056604 0.150000
4 0.273585 0.736458 0.042453 0.131250
