0 0.423698 0.389352 0.167187 0.310185
0 0.590625 0.396759 0.166667 0.313889
1 0.735677 0.367593 0.116146 0.305556
1 0.285417 0.375463 0.104167 0.284259
2 0.191667 0.402778 0.080208 0.320370
2 0.846094 0.370370 0.103646 0.335185
3 0.932292 0.396296 0.068750 0.272222
0 0.469531 0.764352 0.104688 0.267593
0 0.574479 0.771296 0.109375 0.279630
1 0.367708 0.780093 0.095833 0.299074
1 0.683854 0.774074 0.107292 0.290741
2 0.790104 0.775000 0.103125 0.366667
2 0.272656 0.791204 0.093229 0.356481
3 0.201563 0.769444 0.080208 0.266667
3 0.878646 0.767130 0.092708 0.304630
4 0.151823 0.772685 0.070312 0.219444
4 0.945052 0.753704 0.078646 0.255556
