0 0.412500 0.425463 0.165625 0.310185
0 0.581510 0.403704 0.169271 0.327778
1 0.721354 0.368981 0.110417 0.306481
1 0.271615 0.416667 0.113021 0.287037
2 0.823698 0.361574 0.092188 0.337963
3 0.900000 0.376389 0.059375 0.269444
0 0.467187 0.808333 0.103125 0.264815
0 0.573698 0.811111 0.104688 0.274074
1 0.684635 0.805556 0.111979 0.287037
1 0.366927 0.836111 0.100521 0.298148
2 0.786979 0.793519 0.096875 0.361111
3 0.865885 0.770370 0.078646 0.309259
4 0.921094 0.749537 0.072396 0.243519
3 0.188281 0.839815 0.082812 0.274074
4 0.122917 0.840278 0.062500 0.226852
5 0.059896 0.833333 0.093750 0.207407
