0 0.419792 0.401389 0.164583 0.306481
0 0.587760 0.402315 0.168229 0.321296
1 0.285677 0.383796 0.102604 0.284259
1 0.735938 0.381481 0.115625 0.296296
2 0.192708 0.415278 0.083333 0.319444
2 0.845833 0.381944 0.107292 0.334259
3 0.933854 0.401852 0.071875 0.277778
0 0.461719 0.610648 0.099479 0.187963
0 0.566146 0.632870 0.101042 0.150926
1 0.360677 0.621759 0.098437 0.230556
1 0.677604 0.609722 0.116667 0.223148
2 0.262240 0.651852 0.093229 0.296296
2 0.783594 0.600463 0.098437 0.362037
3 0.876042 0.623148 0.086458 0.264815
4 0.942187 0.617593 0.066667 0.222222
