0 0.422135 0.399537 0.166146 0.302778
0 0.592708 0.402315 0.170833 0.310185
1 0.285938 0.378241 0.100000 0.287963
1 0.735677 0.376389 0.113021 0.299074
2 0.193750 0.405093 0.081250 0.315741
2 0.845833 0.366667 0.101042 0.359259
0 0.464844 0.611574 0.095312 0.171296
0 0.566927 0.626852 0.105729 0.155556
1 0.363281 0.611111 0.105729 0.237037
1 0.675781 0.598148 0.108854 0.246296
2 0.260677 0.635648 0.091146 0.330556
2 0.783594 0.589815 0.106771 0.374074
3 0.878646 0.604630 0.077083 0.268519
4 0.947396 0.613426 0.068750 0.245370
