0 0.398698 0.398148 0.173437 0.322222
0 0.571875 0.393981 0.171875 0.337963
1 0.259635 0.370370 0.110937 0.301852
1 0.719792 0.382870 0.121875 0.308333
2 0.166927 0.402315 0.084896 0.339815
2 0.834896 0.384722 0.108333 0.352778
3 0.103385 0.419444 0.047396 0.270370
3 0.926562 0.399074 0.071875 0.305556
0 0.437240 0.605093 0.100521 0.217593
0 0.543229 0.640741 0.108333 0.162963
1 0.655729 0.611574 0.113542 0.263889
1 0.337500 0.623148 0.097917 0.248148
2 0.767708 0.603241 0.104167 0.384259
2 0.234896 0.650926 0.107292 0.314815
3 0.865365 0.640278 0.084896 0.243519
3 0.159635 0.633333 0.077604 0.225926
4 0.937500 0.628704 0.067708 0.222222
4 0.101562 0.634722 0.050000 0.154630
