0 0.417708 0.328704 0.180208 0.329630
0 0.599740 0.319907 0.180729 0.347222
1 0.269792 0.310648 0.119792 0.304630
1 0.749479 0.306481 0.120833 0.325926
2 0.162500 0.350926 0.090625 0.353704
2 0.861458 0.318056 0.101042 0.354630
3 0.084375 0.385185 0.065625 0.285185
3 0.943229 0.351389 0.062500 0.306481
0 0.494792 0.784259 0.109375 0.294444
1 0.385417 0.798148 0.109375 0.316667
1 0.723437 0.796296 0.103125 0.324074
2 0.278646 0.813426 0.104167 0.367593
2 0.827344 0.796296 0.102604 0.385185
3 0.189583 0.812500 0.090625 0.312037
4 0.125260 0.812500 0.085938 0.249074
5 0.054948 0.815741 0.097396 0.201852
