0 0.437500 0.435648 0.167708 0.317593
0 0.606510 0.418981 0.172396 0.323148
1 0.297396 0.424537 0.111458 0.284259
1 0.747135 0.381944 0.108854 0.306481
2 0.849740 0.374537 0.094271 0.343519
3 0.923958 0.393056 0.058333 0.269444
0 0.498437 0.827778 0.105208 0.262963
0 0.604167 0.824537 0.105208 0.275000
1 0.711458 0.820370 0.109375 0.288889
1 0.392969 0.851852 0.097396 0.292593
3 0.215885 0.850463 0.084896 0.263889
4 0.150521 0.854630 0.069792 0.229630
5 0.085156 0.846759 0.094271 0.193519
2 0.811458 0.803241 0.096875 0.354630
