0 0.408594 0.412500 0.169271 0.308333
0 0.576562 0.396759 0.169792 0.319444
1 0.267969 0.403704 0.110937 0.281481
1 0.716927 0.360648 0.109896 0.312037
2 0.820052 0.354630 0.093229 0.342593
3 0.897135 0.367593 0.057813 0.268519
0 0.463542 0.804630 0.104167 0.272222
0 0.572656 0.798148 0.109896 0.270370
1 0.362240 0.827778 0.098437 0.300000
1 0.681771 0.798611 0.108333 0.287963
2 0.782292 0.784259 0.095833 0.364815
3 0.861198 0.764352 0.085938 0.310185
4 0.917969 0.742130 0.074479 0.243519
3 0.185938 0.831019 0.082292 0.278704
4 0.122656 0.829167 0.071354 0.223148
5 0.058073 0.820370 0.093229 0.198148
