0 0.413281 0.474074 0.167187 0.309259
0 0.581771 0.460185 0.167708 0.329630
1 0.723958 0.431019 0.112500 0.308333
1 0.275000 0.457407 0.104167 0.292593
2 0.830469 0.412500 0.094271 0.330556
2 0.180729 0.487500 0.086458 0.330556
0 0.451302 0.674074 0.099479 0.192593
0 0.556510 0.693056 0.105729 0.150926
1 0.665885 0.653704 0.113021 0.246296
1 0.352865 0.689352 0.097396 0.221296
2 0.770312 0.643056 0.097917 0.362037
2 0.255208 0.702315 0.095833 0.312037
3 0.857292 0.652315 0.082292 0.243519
3 0.175521 0.700926 0.072917 0.212963
4 0.923698 0.641204 0.061979 0.217593
4 0.114844 0.700000 0.051562 0.179630
5 0.056510 0.696759 0.070312 0.163889
