0 0.501179 0.645833 0.106132 0.200000
0 0.612618 0.647917 0.114387 0.200000
1 0.693396 0.631250 0.056604 0.162500
1 0.414505 0.625000 0.069575 0.170833
2 0.745873 0.651042 0.045991 0.139583
2 0.342571 0.648958 0.071934 0.156250
0 0.539505 0.839583 0.067217 0.200000
0 0.612028 0.843750 0.075472 0.200000
1 0.673939 0.839583 0.064858 0.187500
1 0.465802 0.841667 0.080189 0.208333
2 0.731722 0.845833 0.053066 0.187500
2 0.397406 0.835417 0.056604 0.191667
3 0.758255 0.806250 0.058962 0.150000
3 0.346108 0.804167 0.060142 0.158333
4 0.303066 0.785417 0.049528 0.112500
