0 0.468750 0.556250 0.112028 0.204167
0 0.579009 0.558333 0.106132 0.204167
1 0.661557 0.543750 0.068396 0.150000
1 0.380896 0.542708 0.063679 0.164583
2 0.313679 0.555208 0.077830 0.160417
2 0.718750 0.558333 0.045991 0.145833
0 0.504127 0.742708 0.069575 0.189583
0 0.575472 0.751042 0.073113 0.206250
1 0.642689 0.748958 0.066038 0.189583
1 0.431014 0.746875 0.076651 0.206250
2 0.697524 0.763542 0.050708 0.185417
2 0.364387 0.744792 0.056604 0.197917
3 0.728774 0.713542 0.056604 0.152083
3 0.313679 0.714583 0.058962 0.150000
4 0.274764 0.696875 0.042453 0.114583
