0 0.413281 0.406019 0.166146 0.308333
0 0.581510 0.403241 0.169271 0.312037
1 0.277865 0.386574 0.098437 0.287963
1 0.725521 0.385648 0.116667 0.299074
2 0.185677 0.420370 0.085938 0.325926
2 0.837240 0.388426 0.104688 0.336111
3 0.925000 0.403704 0.067708 0.285185
0 0.454948 0.775463 0.104688 0.267593
0 0.564063 0.783796 0.111458 0.269444
1 0.672135 0.788426 0.104688 0.289815
1 0.355208 0.786111 0.097917 0.298148
2 0.777604 0.783796 0.107292 0.367593
2 0.261198 0.798611 0.089063 0.356481
3 0.868229 0.774537 0.089583 0.312037
3 0.190625 0.775463 0.075000 0.267593
4 0.935937 0.772685 0.076042 0.271296
4 0.140104 0.781481 0.067708 0.216667
