0 0.399175 0.461458 0.069575 0.127083
0 0.470519 0.471875 0.075472 0.147917
0 0.395047 0.582292 0.044811 0.131250
0 0.439858 0.587500 0.040094 0.141667
1 0.534788 0.471875 0.057783 0.122917
1 0.353184 0.572917 0.043632 0.137500
1 0.487028 0.608333 0.058962 0.137500
2 0.317807 0.563542 0.036557 0.118750
2 0.591392 0.487500 0.057783 0.141667
2 0.535377 0.629167 0.044811 0.141667
3 0.636792 0.505208 0.037736 0.118750
3 0.576651 0.614583 0.044811 0.116667
4 0.609670 0.603125 0.037736 0.089583
4 0.658608 0.510417 0.020047 0.083333
5 0.678656 0.500000 0.020047 0.070833
5 0.636792 0.604167 0.035377 0.083333
6 0.655660 0.594792 0.023585 0.068750
7 0.673939 0.571875 0.024764 0.064583
