0 0.526533 0.648958 0.107311 0.185417
0 0.632075 0.646875 0.108491 0.210417
1 0.712854 0.637500 0.053066 0.150000
1 0.440448 0.631250 0.069575 0.162500
2 0.762972 0.652083 0.047170 0.145833
2 0.372052 0.651042 0.067217 0.147917
0 0.559552 0.838542 0.064858 0.189583
0 0.629127 0.841667 0.076651 0.183333
1 0.693986 0.835417 0.057783 0.195833
1 0.488797 0.844792 0.071934 0.202083
2 0.748821 0.842708 0.047170 0.168750
2 0.420991 0.830208 0.056604 0.172917
3 0.771816 0.807292 0.050708 0.139583
3 0.369104 0.804167 0.058962 0.150000
4 0.327830 0.780208 0.042453 0.118750
