0 0.563679 0.523958 0.082547 0.164583
0 0.647995 0.526042 0.086085 0.172917
0 0.589033 0.673958 0.050708 0.139583
0 0.643278 0.677083 0.064858 0.141667
1 0.711675 0.525000 0.043632 0.133333
1 0.493514 0.517708 0.057783 0.118750
1 0.534788 0.672917 0.057783 0.145833
1 0.692807 0.675000 0.048349 0.141667
2 0.748231 0.540625 0.031840 0.139583
2 0.435142 0.520833 0.063679 0.137500
2 0.477594 0.672917 0.051887 0.137500
2 0.736439 0.684375 0.038915 0.122917
3 0.754717 0.673958 0.037736 0.122917
3 0.429835 0.656250 0.045991 0.112500
3 0.395637 0.531250 0.034198 0.116667
3 0.773585 0.548958 0.023585 0.118750
4 0.397995 0.644792 0.043632 0.089583
5 0.367335 0.638542 0.036557 0.068750
