0 0.551887 0.537500 0.080189 0.158333
0 0.633255 0.533333 0.080189 0.175000
0 0.575472 0.680208 0.047170 0.122917
0 0.627948 0.685417 0.053066 0.137500
1 0.691038 0.541667 0.042453 0.120833
1 0.484080 0.532292 0.050708 0.118750
1 0.521816 0.676042 0.055425 0.135417
1 0.676297 0.677083 0.050708 0.120833
2 0.728184 0.546875 0.036557 0.139583
2 0.428656 0.541667 0.060142 0.133333
2 0.469340 0.684375 0.047170 0.143750
2 0.713443 0.693750 0.035377 0.112500
3 0.734080 0.684375 0.038915 0.118750
3 0.755307 0.564583 0.024764 0.108333
3 0.392099 0.550000 0.027123 0.112500
3 0.425708 0.664583 0.047170 0.100000
4 0.390920 0.655208 0.036557 0.097917
5 0.363208 0.652083 0.030660 0.075000
