0 0.507075 0.634375 0.108491 0.185417
0 0.613208 0.639583 0.108491 0.191667
0 0.538915 0.810417 0.063679 0.195833
0 0.609080 0.817708 0.071934 0.189583
1 0.693986 0.619792 0.055425 0.152083
1 0.418042 0.616667 0.067217 0.145833
1 0.470519 0.820833 0.077830 0.200000
1 0.675708 0.818750 0.063679 0.187500
2 0.730542 0.828125 0.045991 0.189583
2 0.399764 0.811458 0.058962 0.189583
2 0.349646 0.639583 0.071934 0.141667
2 0.745873 0.628125 0.045991 0.147917
3 0.755896 0.788542 0.054245 0.143750
3 0.352005 0.787500 0.060142 0.150000
4 0.310731 0.765625 0.041274 0.131250
