0 0.407552 0.456944 0.168229 0.306481
0 0.576042 0.442593 0.170833 0.322222
1 0.719792 0.410185 0.112500 0.309259
1 0.269531 0.439352 0.107813 0.284259
2 0.823958 0.403241 0.094792 0.323148
2 0.173958 0.465741 0.087500 0.324074
3 0.905469 0.420370 0.063021 0.272222
0 0.551042 0.676389 0.104167 0.152778
0 0.445052 0.656481 0.100521 0.187037
1 0.346615 0.665278 0.096354 0.232407
1 0.660156 0.645833 0.110937 0.245370
2 0.763802 0.618056 0.099479 0.365741
2 0.247135 0.697685 0.097396 0.312037
3 0.850781 0.638889 0.082812 0.250000
3 0.167708 0.694444 0.068750 0.201852
4 0.919010 0.626852 0.068229 0.224074
4 0.110156 0.685185 0.054688 0.155556
5 0.048958 0.682407 0.076042 0.151852
