0 0.407031 0.411574 0.169271 0.312037
0 0.578385 0.394907 0.172396 0.323148
1 0.267969 0.400926 0.110937 0.285185
1 0.716667 0.361111 0.106250 0.305556
2 0.818229 0.354167 0.093750 0.336111
3 0.897656 0.364352 0.060937 0.275000
0 0.465104 0.802778 0.109375 0.264815
0 0.570312 0.796759 0.105208 0.267593
1 0.680208 0.796296 0.108333 0.283333
1 0.361198 0.824537 0.101562 0.300926
2 0.782552 0.781019 0.099479 0.367593
3 0.182552 0.832870 0.083854 0.282407
4 0.120833 0.829167 0.072917 0.226852
5 0.056250 0.827315 0.093750 0.206481
