0 0.530071 0.550000 0.076651 0.150000
0 0.605542 0.552083 0.076651 0.162500
0 0.554835 0.687500 0.045991 0.133333
0 0.602594 0.686458 0.056604 0.127083
1 0.663915 0.552083 0.042453 0.120833
1 0.468750 0.542708 0.048349 0.122917
1 0.502948 0.681250 0.055425 0.137500
1 0.649175 0.684375 0.041274 0.122917
2 0.699292 0.563542 0.033019 0.127083
2 0.417453 0.556250 0.054245 0.129167
2 0.455189 0.689583 0.044811 0.137500
2 0.685731 0.695833 0.034198 0.104167
3 0.705778 0.685417 0.036557 0.112500
3 0.727594 0.577083 0.023585 0.104167
3 0.379127 0.558333 0.031840 0.116667
3 0.411557 0.672917 0.042453 0.112500
4 0.383255 0.663542 0.033019 0.085417
5 0.354363 0.656250 0.031840 0.070833
