0 0.553066 0.538542 0.080189 0.152083
0 0.635024 0.542708 0.081368 0.160417
0 0.577830 0.685417 0.054245 0.133333
0 0.630307 0.684375 0.057783 0.143750
1 0.695755 0.547917 0.040094 0.116667
1 0.487028 0.536458 0.054245 0.114583
1 0.521816 0.678125 0.057783 0.135417
1 0.681604 0.684375 0.047170 0.122917
2 0.732901 0.551042 0.034198 0.135417
2 0.431014 0.541667 0.057783 0.129167
2 0.471698 0.683333 0.049528 0.141667
2 0.718160 0.700000 0.037736 0.125000
3 0.740566 0.688542 0.037736 0.118750
3 0.427476 0.660417 0.043632 0.120833
3 0.391509 0.552083 0.028302 0.129167
3 0.757665 0.564583 0.022406 0.108333
4 0.393278 0.660417 0.038915 0.083333
5 0.363797 0.651042 0.029481 0.089583
