0 0.499410 0.638542 0.107311 0.189583
0 0.606132 0.635417 0.110849 0.204167
0 0.528892 0.815625 0.064858 0.177083
0 0.602594 0.820833 0.077830 0.195833
1 0.686910 0.625000 0.057783 0.150000
1 0.413325 0.626042 0.064858 0.147917
1 0.462264 0.823958 0.070755 0.197917
1 0.666274 0.820833 0.061321 0.200000
2 0.739387 0.631250 0.047170 0.150000
2 0.343750 0.642708 0.069575 0.147917
2 0.394458 0.820833 0.055425 0.200000
2 0.722288 0.827083 0.045991 0.195833
3 0.751769 0.789583 0.045991 0.141667
3 0.343160 0.793750 0.058962 0.150000
4 0.306014 0.775000 0.050708 0.112500
