0 0.413802 0.430556 0.168229 0.309259
0 0.582812 0.413889 0.172917 0.327778
1 0.722656 0.380093 0.107813 0.306481
2 0.824740 0.373148 0.093229 0.331481
3 0.903646 0.383333 0.058333 0.266667
0 0.466927 0.810648 0.101562 0.269444
0 0.571875 0.806481 0.108333 0.266667
1 0.681771 0.804630 0.109375 0.283333
1 0.363281 0.836111 0.102604 0.300000
2 0.783854 0.794907 0.097917 0.365741
3 0.861719 0.769907 0.084896 0.302778
4 0.920573 0.748148 0.074479 0.246296
3 0.186979 0.832407 0.083333 0.275926
4 0.126823 0.835648 0.072396 0.219444
5 0.056771 0.835648 0.087500 0.193519
