0 0.416146 0.436574 0.175000 0.313889
0 0.586458 0.417593 0.162500 0.325926
1 0.276302 0.427315 0.103646 0.275000
1 0.725260 0.382407 0.109896 0.311111
2 0.826562 0.373148 0.092708 0.346296
3 0.905469 0.381944 0.061979 0.286111
0 0.469531 0.815741 0.104688 0.279630
0 0.577604 0.814815 0.105208 0.277778
1 0.685677 0.807407 0.109896 0.283333
1 0.368490 0.837037 0.098437 0.290741
2 0.789583 0.799074 0.092708 0.362963
3 0.866146 0.772685 0.084375 0.299074
3 0.189844 0.837037 0.080729 0.274074
4 0.126823 0.834722 0.067187 0.212037
5 0.066146 0.839815 0.089583 0.200000
4 0.923438 0.754167 0.071875 0.234259
