0 0.460495 0.594792 0.107311 0.193750
0 0.570755 0.593750 0.110849 0.212500
1 0.655660 0.573958 0.068396 0.164583
1 0.374410 0.583333 0.067217 0.154167
2 0.307783 0.596875 0.075472 0.160417
2 0.712264 0.592708 0.047170 0.156250
0 0.495283 0.784375 0.070755 0.189583
0 0.569575 0.793750 0.070755 0.195833
1 0.633844 0.786458 0.064858 0.193750
1 0.423349 0.791667 0.068396 0.204167
2 0.689269 0.795833 0.053066 0.179167
2 0.357311 0.788542 0.058962 0.189583
3 0.722288 0.760417 0.048349 0.141667
3 0.308962 0.755208 0.058962 0.143750
4 0.271226 0.736458 0.040094 0.122917
