0 0.559552 0.540625 0.083726 0.172917
0 0.640330 0.545833 0.077830 0.170833
0 0.582547 0.692708 0.056604 0.135417
0 0.637972 0.695833 0.058962 0.141667
1 0.701061 0.548958 0.043632 0.122917
1 0.491156 0.534375 0.053066 0.131250
1 0.525943 0.687500 0.056604 0.133333
1 0.684552 0.691667 0.045991 0.125000
2 0.740566 0.554167 0.037736 0.145833
2 0.432193 0.545833 0.057783 0.129167
2 0.474646 0.688542 0.043632 0.143750
2 0.725825 0.701042 0.036557 0.122917
3 0.745283 0.688542 0.033019 0.114583
3 0.765330 0.563542 0.021226 0.118750
3 0.398585 0.546875 0.028302 0.143750
3 0.430425 0.676042 0.049528 0.122917
4 0.395637 0.670833 0.041274 0.095833
5 0.368514 0.655208 0.034198 0.081250
