0 0.377358 0.480208 0.091981 0.164583
0 0.298939 0.459375 0.079009 0.143750
0 0.291863 0.595833 0.043632 0.145833
0 0.343160 0.609375 0.049528 0.147917
1 0.457547 0.472917 0.063679 0.125000
1 0.400354 0.625000 0.062500 0.154167
1 0.249410 0.581250 0.041274 0.154167
2 0.212854 0.567708 0.031840 0.122917
2 0.524175 0.483333 0.064858 0.154167
2 0.453420 0.652083 0.055425 0.150000
3 0.505307 0.633333 0.053066 0.125000
3 0.572524 0.505208 0.043632 0.131250
4 0.604953 0.511458 0.023585 0.093750
5 0.629717 0.496875 0.023585 0.064583
4 0.548939 0.617708 0.043632 0.106250
5 0.584906 0.601042 0.040094 0.072917
6 0.604363 0.595833 0.027123 0.079167
7 0.626769 0.569792 0.027123 0.060417
