0 0.366156 0.550000 0.069575 0.137500
0 0.440448 0.559375 0.081368 0.143750
0 0.362028 0.668750 0.044811 0.125000
0 0.405660 0.686458 0.047170 0.135417
1 0.509434 0.554167 0.056604 0.133333
1 0.317807 0.658333 0.043632 0.141667
1 0.458726 0.693750 0.058962 0.141667
2 0.508844 0.719792 0.050708 0.156250
2 0.568986 0.570833 0.057783 0.145833
2 0.283019 0.639583 0.037736 0.120833
3 0.551887 0.698958 0.049528 0.118750
3 0.614387 0.582292 0.037736 0.118750
4 0.590212 0.685417 0.036557 0.095833
4 0.640920 0.577083 0.020047 0.091667
5 0.660967 0.569792 0.031840 0.068750
5 0.619693 0.670833 0.036557 0.083333
6 0.640330 0.662500 0.030660 0.087500
7 0.662736 0.643750 0.028302 0.066667
