0 0.535967 0.545833 0.079009 0.158333
0 0.613208 0.552083 0.075472 0.166667
0 0.557783 0.685417 0.047170 0.125000
0 0.608491 0.686458 0.054245 0.122917
1 0.673349 0.548958 0.040094 0.122917
1 0.471698 0.542708 0.051887 0.131250
1 0.507665 0.683333 0.053066 0.129167
1 0.656250 0.688542 0.045991 0.122917
2 0.708726 0.559375 0.033019 0.131250
2 0.420991 0.547917 0.056604 0.137500
2 0.458137 0.689583 0.043632 0.129167
2 0.695755 0.701042 0.035377 0.118750
3 0.733491 0.577083 0.016509 0.104167
3 0.383255 0.558333 0.030660 0.120833
3 0.416863 0.669792 0.048349 0.106250
3 0.714623 0.688542 0.035377 0.114583
4 0.383255 0.660417 0.033019 0.091667
5 0.356132 0.656250 0.030660 0.066667
