0 0.522406 0.651042 0.106132 0.181250
0 0.629717 0.652083 0.110849 0.191667
0 0.557193 0.834375 0.069575 0.185417
0 0.626179 0.842708 0.075472 0.193750
1 0.708726 0.637500 0.058962 0.145833
1 0.433962 0.638542 0.070755 0.147917
1 0.482901 0.839583 0.074292 0.212500
1 0.688679 0.831250 0.061321 0.191667
2 0.761203 0.640625 0.043632 0.160417
2 0.362618 0.655208 0.071934 0.139583
2 0.415684 0.836458 0.053066 0.177083
2 0.745873 0.847917 0.048349 0.175000
3 0.768868 0.802083 0.058962 0.154167
3 0.365566 0.803125 0.058962 0.147917
4 0.326651 0.783333 0.044811 0.120833
