0 0.418750 0.328704 0.177083 0.322222
0 0.597135 0.324074 0.176563 0.357407
1 0.269010 0.311574 0.119271 0.304630
1 0.745833 0.310648 0.117708 0.315741
2 0.163281 0.353704 0.096354 0.350000
2 0.857292 0.320833 0.098958 0.360185
3 0.083594 0.389815 0.064062 0.288889
3 0.941667 0.351389 0.063542 0.313889
0 0.495312 0.775000 0.110417 0.290741
0 0.610156 0.779167 0.118229 0.291667
1 0.386719 0.790741 0.111979 0.322222
2 0.277604 0.809259 0.105208 0.381481
3 0.189844 0.807407 0.089063 0.312963
4 0.121354 0.809722 0.072917 0.232407
5 0.055729 0.810648 0.095833 0.206481
