0 0.414062 0.419907 0.167708 0.312037
0 0.581771 0.402778 0.165625 0.320370
1 0.275000 0.405093 0.110417 0.282407
1 0.721354 0.366204 0.113542 0.302778
2 0.825260 0.357407 0.095312 0.340741
3 0.903385 0.373148 0.060937 0.266667
0 0.469792 0.808796 0.104167 0.275000
0 0.575260 0.802778 0.104688 0.270370
1 0.684896 0.800926 0.111458 0.283333
1 0.367708 0.831944 0.103125 0.300926
2 0.785677 0.784722 0.091146 0.360185
3 0.865885 0.761111 0.081771 0.301852
4 0.922656 0.743519 0.072396 0.235185
3 0.189062 0.833333 0.084375 0.277778
4 0.126042 0.832407 0.070833 0.227778
5 0.060417 0.829630 0.092708 0.201852
