0 0.563090 0.657292 0.102594 0.189583
0 0.662736 0.658333 0.103774 0.195833
1 0.737028 0.645833 0.058962 0.145833
1 0.477594 0.639583 0.068396 0.158333
2 0.788915 0.661458 0.049528 0.139583
2 0.409788 0.650000 0.060142 0.158333
0 0.596108 0.838542 0.064858 0.181250
0 0.662146 0.845833 0.064858 0.183333
1 0.722288 0.836458 0.060142 0.172917
1 0.524764 0.840625 0.075472 0.189583
2 0.771816 0.848958 0.041274 0.181250
2 0.461085 0.834375 0.051887 0.189583
3 0.793632 0.807292 0.054245 0.143750
3 0.408019 0.804167 0.056604 0.145833
4 0.370283 0.779167 0.044811 0.116667
