0 0.411979 0.416204 0.169792 0.310185
0 0.580990 0.399074 0.166146 0.329630
1 0.720052 0.361574 0.110937 0.306481
2 0.821615 0.352315 0.094271 0.343519
3 0.900260 0.368519 0.059896 0.281481
0 0.465104 0.789815 0.107292 0.270370
0 0.571615 0.786111 0.105729 0.270370
1 0.680469 0.782870 0.109896 0.286111
1 0.361719 0.816204 0.099479 0.302778
2 0.782031 0.772685 0.094271 0.371296
3 0.861198 0.748148 0.082812 0.296296
4 0.917708 0.724537 0.072917 0.241667
3 0.184635 0.811111 0.085938 0.268519
4 0.123698 0.817130 0.072396 0.223148
5 0.059635 0.809722 0.090104 0.204630
