0 0.412500 0.326389 0.182292 0.319444
0 0.593490 0.319444 0.176563 0.357407
1 0.264062 0.307407 0.117708 0.303704
1 0.741927 0.306481 0.119271 0.320370
2 0.157031 0.348611 0.098437 0.358333
2 0.851042 0.319444 0.100000 0.364815
3 0.078906 0.384259 0.059896 0.290741
3 0.934635 0.342130 0.065104 0.308333
1 0.380990 0.809259 0.114062 0.327778
1 0.717708 0.800463 0.109375 0.315741
2 0.269792 0.818519 0.103125 0.362963
2 0.822135 0.799074 0.098437 0.387037
3 0.183854 0.811574 0.086458 0.289815
4 0.120833 0.815278 0.078125 0.245370
5 0.050521 0.814352 0.094792 0.206481
