0 0.317217 0.529167 0.075472 0.150000
0 0.399764 0.542708 0.087264 0.164583
0 0.316627 0.662500 0.043632 0.141667
0 0.363797 0.675000 0.043632 0.141667
1 0.474646 0.537500 0.062500 0.137500
1 0.417453 0.679167 0.063679 0.158333
1 0.270637 0.647917 0.045991 0.145833
2 0.534198 0.553125 0.061321 0.152083
2 0.471698 0.709375 0.047170 0.160417
2 0.235259 0.635417 0.038915 0.116667
3 0.584316 0.562500 0.036557 0.116667
3 0.521226 0.690625 0.056604 0.131250
4 0.614387 0.562500 0.025943 0.091667
4 0.558373 0.668750 0.041274 0.091667
5 0.639151 0.553125 0.025943 0.072917
5 0.594340 0.660417 0.044811 0.095833
6 0.614976 0.651042 0.027123 0.085417
7 0.637382 0.634375 0.024764 0.081250
