0 0.418750 0.322685 0.177083 0.326852
0 0.600781 0.315741 0.178646 0.346296
1 0.271094 0.307870 0.116146 0.297222
1 0.749479 0.305093 0.119792 0.315741
2 0.165625 0.350000 0.097917 0.351852
2 0.859635 0.316204 0.101562 0.352778
3 0.086719 0.376852 0.063021 0.287037
3 0.942969 0.344907 0.066146 0.297222
0 0.501823 0.768056 0.111979 0.291667
0 0.614583 0.769444 0.110417 0.288889
1 0.391667 0.793056 0.112500 0.321296
1 0.726302 0.781944 0.109896 0.310185
2 0.279687 0.808796 0.104167 0.382407
3 0.193750 0.808333 0.088542 0.314815
4 0.131771 0.800463 0.082292 0.232407
5 0.059896 0.806481 0.107292 0.203704
