0 0.408594 0.461111 0.169271 0.301852
0 0.575260 0.450463 0.167187 0.323148
1 0.717448 0.418981 0.117188 0.317593
1 0.270833 0.444907 0.105208 0.287963
2 0.174219 0.474537 0.090104 0.328704
2 0.824479 0.402315 0.093750 0.345370
3 0.905729 0.421296 0.068750 0.259259
0 0.446615 0.662963 0.094271 0.205556
0 0.547135 0.691667 0.104688 0.155556
1 0.659896 0.639352 0.113542 0.263889
1 0.345833 0.674537 0.104167 0.236111
2 0.767969 0.627778 0.099479 0.359259
2 0.246354 0.695370 0.094792 0.340741
3 0.850000 0.640278 0.087500 0.245370
3 0.168750 0.691204 0.077083 0.219444
4 0.915104 0.628241 0.069792 0.228704
4 0.107813 0.689352 0.044792 0.163889
5 0.050260 0.679630 0.071354 0.166667
