0 0.407813 0.417130 0.172917 0.313889
0 0.579167 0.400926 0.169792 0.322222
1 0.717969 0.366667 0.110937 0.311111
2 0.820833 0.354630 0.092708 0.340741
3 0.899479 0.366204 0.061458 0.282407
0 0.464583 0.790278 0.109375 0.267593
0 0.569792 0.787037 0.104167 0.274074
1 0.678646 0.782870 0.108333 0.289815
1 0.360938 0.817593 0.101042 0.301852
2 0.780729 0.772685 0.096875 0.365741
3 0.858854 0.754630 0.085417 0.301852
4 0.916146 0.740741 0.077083 0.253704
3 0.182552 0.818056 0.081771 0.275000
4 0.120573 0.819907 0.067187 0.225000
5 0.057292 0.816667 0.096875 0.201852
