0 0.416667 0.401852 0.165625 0.303704
0 0.586458 0.402778 0.171875 0.314815
1 0.282813 0.384259 0.105208 0.283333
1 0.732552 0.379630 0.120313 0.300000
2 0.842969 0.378704 0.101562 0.325926
3 0.930729 0.406481 0.071875 0.270370
0 0.461458 0.608333 0.102083 0.218519
0 0.564063 0.638426 0.103125 0.158333
1 0.674479 0.611111 0.117708 0.250000
1 0.360156 0.625000 0.097396 0.253704
2 0.785937 0.604630 0.098958 0.355556
2 0.261458 0.664815 0.095833 0.322222
3 0.874219 0.636111 0.085938 0.244444
4 0.941927 0.619444 0.075521 0.240741
