0 0.411979 0.412963 0.172917 0.307407
0 0.579167 0.397222 0.165625 0.322222
1 0.719271 0.359722 0.113542 0.304630
2 0.822135 0.350000 0.092188 0.342593
3 0.899479 0.365741 0.061458 0.277778
0 0.464062 0.784722 0.105208 0.267593
0 0.571615 0.786111 0.107813 0.266667
1 0.682552 0.781019 0.107813 0.289815
1 0.360417 0.815278 0.102083 0.300926
2 0.782292 0.766667 0.095833 0.364815
3 0.859896 0.750000 0.085417 0.298148
4 0.916927 0.731019 0.074479 0.241667
3 0.184375 0.812963 0.082292 0.277778
4 0.123438 0.815741 0.065625 0.233333
5 0.056771 0.812500 0.091667 0.189815
