0 0.410938 0.469444 0.171875 0.318519
0 0.581771 0.456944 0.167708 0.330556
1 0.273698 0.452315 0.108854 0.284259
1 0.723437 0.423611 0.106250 0.310185
2 0.177865 0.482870 0.085938 0.326852
2 0.826042 0.411574 0.100000 0.326852
3 0.108333 0.497685 0.056250 0.267593
3 0.909896 0.417593 0.065625 0.266667
0 0.448958 0.669444 0.101042 0.192593
0 0.553125 0.687963 0.101042 0.140741
1 0.659635 0.650926 0.108854 0.246296
1 0.350000 0.683796 0.096875 0.226852
2 0.252865 0.706944 0.096354 0.287963
2 0.767448 0.640278 0.101562 0.356481
3 0.853646 0.648148 0.089583 0.237037
3 0.171875 0.698148 0.068750 0.203704
4 0.917708 0.633333 0.073958 0.216667
4 0.111458 0.694444 0.048958 0.157407
5 0.053646 0.691667 0.061458 0.142593
