0 0.411979 0.332407 0.178125 0.322222
0 0.592708 0.326852 0.181250 0.338889
1 0.264844 0.315278 0.119271 0.297222
1 0.743229 0.315278 0.116667 0.319444
2 0.157031 0.357870 0.095312 0.352778
2 0.852344 0.323148 0.102604 0.355556
3 0.080469 0.387037 0.059896 0.288889
3 0.936198 0.348148 0.061979 0.301852
1 0.380729 0.811574 0.115625 0.325000
1 0.714583 0.802315 0.109375 0.300926
2 0.272135 0.818519 0.100521 0.362963
2 0.821354 0.806019 0.104167 0.387963
3 0.183594 0.819907 0.089063 0.291667
4 0.119271 0.819444 0.078125 0.237037
5 0.050781 0.822222 0.094271 0.200000
