0 0.377358 0.463542 0.091981 0.164583
0 0.297170 0.459375 0.075472 0.152083
0 0.294222 0.592708 0.053066 0.143750
0 0.343750 0.614583 0.055425 0.150000
1 0.457547 0.467708 0.070755 0.135417
1 0.402123 0.621875 0.068396 0.160417
1 0.249410 0.572917 0.050708 0.150000
2 0.522995 0.481250 0.062500 0.154167
2 0.455778 0.651042 0.057783 0.160417
2 0.208137 0.560417 0.031840 0.125000
3 0.574292 0.500000 0.040094 0.120833
3 0.506486 0.626042 0.053066 0.135417
4 0.603184 0.502083 0.027123 0.095833
4 0.543042 0.611458 0.043632 0.106250
5 0.629717 0.493750 0.030660 0.083333
5 0.579599 0.598958 0.043632 0.081250
6 0.604363 0.594792 0.027123 0.085417
7 0.629127 0.575000 0.041274 0.075000
