0 0.362028 0.546875 0.073113 0.143750
0 0.438090 0.561458 0.079009 0.156250
0 0.358491 0.680208 0.049528 0.135417
0 0.403302 0.692708 0.044811 0.147917
1 0.505896 0.552083 0.061321 0.141667
1 0.456368 0.692708 0.056604 0.147917
1 0.311910 0.659375 0.045991 0.139583
2 0.562500 0.566667 0.056604 0.145833
2 0.505896 0.721875 0.049528 0.160417
2 0.276533 0.651042 0.036557 0.114583
3 0.613208 0.583333 0.037736 0.120833
3 0.549528 0.702083 0.049528 0.120833
4 0.639151 0.587500 0.021226 0.087500
4 0.583137 0.685417 0.043632 0.091667
5 0.660377 0.575000 0.021226 0.083333
5 0.617335 0.670833 0.038915 0.087500
6 0.636203 0.662500 0.024764 0.079167
7 0.659198 0.641667 0.028302 0.083333
