0 0.313090 0.528125 0.076651 0.139583
0 0.395047 0.531250 0.082547 0.170833
0 0.309552 0.648958 0.050708 0.139583
0 0.361439 0.664583 0.053066 0.145833
1 0.469340 0.526042 0.063679 0.147917
1 0.417453 0.676042 0.056604 0.143750
1 0.266509 0.635417 0.044811 0.141667
2 0.531250 0.541667 0.060142 0.158333
2 0.471108 0.701042 0.050708 0.156250
2 0.231132 0.629167 0.033019 0.125000
3 0.581368 0.556250 0.040094 0.120833
3 0.516509 0.682292 0.047170 0.127083
4 0.610849 0.561458 0.021226 0.077083
4 0.557783 0.668750 0.040094 0.104167
5 0.633844 0.552083 0.029481 0.083333
5 0.587854 0.659375 0.041274 0.077083
6 0.609080 0.643750 0.027123 0.075000
7 0.636203 0.617708 0.027123 0.077083
