0 0.407031 0.401389 0.166146 0.312037
0 0.577344 0.403704 0.177604 0.322222
1 0.274479 0.386111 0.097917 0.277778
1 0.724479 0.380556 0.117708 0.294444
2 0.185156 0.418981 0.085938 0.323148
2 0.834635 0.392593 0.099479 0.327778
3 0.923438 0.415278 0.073958 0.271296
0 0.451302 0.779630 0.105729 0.264815
0 0.560156 0.784259 0.106771 0.264815
1 0.347917 0.793519 0.097917 0.292593
1 0.667448 0.791204 0.106771 0.276852
2 0.775521 0.788889 0.105208 0.362963
2 0.253125 0.804630 0.090625 0.351852
3 0.861719 0.775000 0.088021 0.300000
3 0.187760 0.782870 0.081771 0.271296
4 0.930208 0.768981 0.072917 0.249074
4 0.137760 0.784722 0.069271 0.221296
