0 0.312500 0.482292 0.080189 0.139583
0 0.393868 0.479167 0.084906 0.175000
0 0.307783 0.615625 0.054245 0.131250
0 0.355542 0.622917 0.053066 0.145833
1 0.468160 0.495833 0.068396 0.137500
1 0.410967 0.636458 0.064858 0.147917
1 0.261203 0.600000 0.048349 0.154167
2 0.531840 0.506250 0.063679 0.158333
2 0.465802 0.665625 0.054245 0.164583
2 0.224646 0.575000 0.029481 0.129167
3 0.579599 0.517708 0.038915 0.118750
3 0.515920 0.647917 0.053066 0.125000
4 0.613797 0.519792 0.024764 0.089583
4 0.554245 0.625000 0.040094 0.095833
5 0.637382 0.510417 0.022406 0.070833
5 0.590212 0.617708 0.043632 0.089583
6 0.613208 0.612500 0.030660 0.079167
7 0.633844 0.579167 0.029481 0.062500
