0 0.397406 0.541667 0.089623 0.158333
0 0.314858 0.528125 0.073113 0.131250
0 0.313090 0.660417 0.050708 0.137500
0 0.362618 0.665625 0.048349 0.143750
1 0.471108 0.532292 0.062500 0.139583
1 0.415684 0.682292 0.055425 0.152083
1 0.265920 0.643750 0.043632 0.150000
2 0.236439 0.634375 0.036557 0.127083
2 0.534198 0.544792 0.063679 0.156250
2 0.469929 0.707292 0.055425 0.156250
3 0.582547 0.558333 0.035377 0.112500
3 0.520047 0.684375 0.051887 0.127083
4 0.613208 0.567708 0.023585 0.089583
4 0.553066 0.671875 0.044811 0.093750
5 0.637972 0.550000 0.025943 0.083333
5 0.591981 0.659375 0.040094 0.085417
6 0.613208 0.651042 0.030660 0.081250
7 0.635613 0.623958 0.033019 0.072917
