0 0.416927 0.329630 0.183854 0.320370
0 0.600000 0.325000 0.177083 0.351852
1 0.268229 0.312963 0.114583 0.301852
1 0.749479 0.307407 0.119792 0.324074
2 0.161979 0.354167 0.095833 0.349074
2 0.860156 0.323611 0.102604 0.367593
3 0.084896 0.381019 0.060417 0.300926
3 0.943750 0.348148 0.063542 0.300000
0 0.497917 0.784259 0.112500 0.283333
0 0.611719 0.783796 0.111979 0.295370
1 0.387500 0.800926 0.108333 0.316667
2 0.279948 0.813889 0.104688 0.372222
3 0.193229 0.815278 0.092708 0.312037
4 0.126042 0.813889 0.076042 0.240741
5 0.057813 0.815278 0.092708 0.197222
