0 0.412500 0.326852 0.179167 0.325926
0 0.591406 0.319444 0.178646 0.351852
1 0.263802 0.308796 0.120313 0.302778
1 0.741667 0.307870 0.118750 0.323148
2 0.157031 0.355556 0.092188 0.351852
2 0.852083 0.321296 0.101042 0.361111
3 0.079687 0.389352 0.059375 0.284259
3 0.935937 0.353704 0.066667 0.307407
1 0.383073 0.808796 0.114062 0.313889
1 0.714844 0.801852 0.109896 0.309259
2 0.271875 0.818056 0.107292 0.363889
2 0.821875 0.800926 0.101042 0.381481
3 0.184635 0.821296 0.091146 0.298148
4 0.119792 0.821759 0.076042 0.234259
5 0.047135 0.824074 0.091146 0.201852
