0 0.411198 0.329167 0.179688 0.323148
0 0.591667 0.319907 0.181250 0.352778
1 0.265104 0.308333 0.117708 0.307407
1 0.741146 0.302778 0.117708 0.320370
2 0.159115 0.346759 0.097396 0.352778
2 0.850781 0.317593 0.102604 0.361111
3 0.080208 0.377778 0.063542 0.294444
3 0.935156 0.347222 0.061979 0.292593
0 0.486719 0.788426 0.110937 0.293519
1 0.375781 0.803241 0.108854 0.317593
2 0.268229 0.812500 0.104167 0.369444
3 0.183854 0.810185 0.091667 0.301852
4 0.118750 0.812500 0.079167 0.234259
5 0.047917 0.810185 0.089583 0.203704
2 0.821354 0.793519 0.100000 0.379630
