0 0.396094 0.399074 0.171354 0.327778
0 0.570833 0.397222 0.169792 0.344444
1 0.720833 0.383333 0.121875 0.312963
1 0.259896 0.375463 0.106250 0.289815
2 0.837760 0.387500 0.108854 0.347222
2 0.166146 0.401389 0.081250 0.347222
3 0.103906 0.414815 0.048438 0.287037
3 0.930729 0.401389 0.071875 0.300926
0 0.437760 0.604167 0.094271 0.210185
0 0.547135 0.642130 0.109896 0.158333
1 0.658594 0.610185 0.114062 0.281481
1 0.338542 0.614815 0.098958 0.257407
2 0.769271 0.608333 0.107292 0.375926
2 0.234115 0.647685 0.107813 0.315741
3 0.866667 0.633333 0.088542 0.242593
3 0.157812 0.643056 0.076042 0.239815
4 0.938281 0.627315 0.067187 0.217593
4 0.099740 0.636574 0.048438 0.173148
