0 0.417969 0.388889 0.168229 0.318519
0 0.590625 0.390741 0.170833 0.314815
1 0.282813 0.372685 0.102083 0.287963
1 0.734375 0.360648 0.118750 0.306481
2 0.845573 0.369907 0.102604 0.341667
2 0.191927 0.400463 0.081771 0.334259
0 0.461979 0.607407 0.104167 0.168519
0 0.562760 0.619444 0.096354 0.155556
1 0.673958 0.585648 0.114583 0.263889
1 0.361719 0.611111 0.100521 0.237037
2 0.783594 0.583333 0.100521 0.359259
2 0.261979 0.646759 0.098958 0.289815
3 0.874219 0.606944 0.083854 0.275000
4 0.944531 0.600926 0.068229 0.229630
