0 0.401533 0.450000 0.069575 0.141667
0 0.473467 0.470833 0.074292 0.137500
0 0.397995 0.575000 0.045991 0.133333
0 0.440448 0.584375 0.041274 0.135417
1 0.537146 0.465625 0.053066 0.114583
1 0.487028 0.597917 0.056604 0.133333
1 0.355542 0.565625 0.041274 0.139583
2 0.592571 0.475000 0.055425 0.145833
2 0.535377 0.619792 0.044811 0.147917
2 0.320755 0.556250 0.028302 0.116667
3 0.636792 0.500000 0.030660 0.108333
3 0.578420 0.606250 0.045991 0.116667
4 0.658019 0.505208 0.021226 0.081250
5 0.681014 0.491667 0.027123 0.079167
4 0.608491 0.591667 0.035377 0.095833
5 0.636792 0.584375 0.035377 0.077083
6 0.656250 0.584375 0.022406 0.072917
7 0.673349 0.568750 0.028302 0.070833
