0 0.497642 0.646875 0.108491 0.189583
0 0.607311 0.646875 0.108491 0.197917
0 0.533608 0.840625 0.071934 0.193750
0 0.602594 0.851042 0.066038 0.193750
1 0.689858 0.631250 0.063679 0.150000
1 0.410967 0.627083 0.064858 0.162500
2 0.343750 0.650000 0.074292 0.154167
2 0.745283 0.646875 0.044811 0.147917
1 0.668042 0.839583 0.062500 0.200000
1 0.460495 0.843750 0.076651 0.212500
2 0.724646 0.846875 0.050708 0.181250
2 0.390920 0.832292 0.055425 0.185417
3 0.757075 0.806250 0.056604 0.145833
3 0.340802 0.797917 0.056604 0.141667
4 0.302476 0.784375 0.045991 0.131250
