0 0.415104 0.395370 0.165625 0.305556
0 0.584896 0.395370 0.168750 0.312963
1 0.279427 0.376852 0.101562 0.287037
1 0.728385 0.376852 0.116146 0.296296
2 0.187500 0.405093 0.081250 0.325000
2 0.838802 0.378704 0.103646 0.335185
3 0.926562 0.401852 0.068750 0.272222
0 0.460156 0.666667 0.102604 0.287037
0 0.565625 0.668519 0.106250 0.264815
1 0.360156 0.678704 0.094271 0.307407
1 0.675000 0.666204 0.113542 0.310185
2 0.262760 0.699074 0.095312 0.370370
2 0.781250 0.673611 0.096875 0.386111
3 0.872656 0.670833 0.085938 0.312037
4 0.937500 0.665741 0.081250 0.270370
