0 0.466981 0.605208 0.108491 0.193750
0 0.573703 0.608333 0.104953 0.208333
1 0.653892 0.587500 0.062500 0.166667
1 0.380896 0.587500 0.068396 0.166667
2 0.709316 0.597917 0.048349 0.170833
2 0.311910 0.606250 0.074292 0.166667
0 0.500000 0.790625 0.061321 0.185417
0 0.568986 0.801042 0.076651 0.189583
1 0.633255 0.797917 0.063679 0.191667
1 0.428656 0.800000 0.079009 0.200000
2 0.690448 0.801042 0.048349 0.185417
2 0.361439 0.796875 0.055425 0.181250
3 0.719929 0.765625 0.050708 0.139583
3 0.315448 0.764583 0.057783 0.133333
4 0.281250 0.739583 0.043632 0.120833
