0 0.418229 0.389815 0.170833 0.316667
0 0.590365 0.388426 0.169271 0.325000
1 0.281771 0.371296 0.104167 0.290741
1 0.735677 0.371759 0.119271 0.302778
2 0.191146 0.406944 0.083333 0.330556
2 0.845833 0.370370 0.101042 0.337037
0 0.455208 0.609722 0.100000 0.178704
0 0.561458 0.624074 0.108333 0.155556
1 0.356771 0.611111 0.097917 0.225926
1 0.670312 0.581944 0.107292 0.278704
2 0.257552 0.643981 0.097396 0.317593
2 0.779948 0.578704 0.111979 0.364815
3 0.877344 0.606019 0.092188 0.262037
4 0.946875 0.601389 0.069792 0.237963
