0 0.409375 0.325000 0.175000 0.327778
0 0.590104 0.318519 0.180208 0.344444
1 0.262500 0.304167 0.116667 0.299074
1 0.742448 0.307407 0.119271 0.311111
2 0.155729 0.346296 0.094792 0.351852
2 0.852344 0.319444 0.098437 0.351852
3 0.079167 0.379167 0.059375 0.297222
3 0.935677 0.344444 0.064062 0.301852
0 0.490625 0.778704 0.112500 0.292593
1 0.380729 0.796759 0.107292 0.319444
0 0.604167 0.781944 0.110417 0.299074
2 0.274219 0.812037 0.105729 0.375926
3 0.185156 0.812500 0.085938 0.297222
4 0.118229 0.818056 0.076042 0.237963
5 0.051302 0.817593 0.086979 0.200000
2 0.826823 0.792593 0.101562 0.385185
3 0.909375 0.787963 0.088542 0.340741
