0 0.399219 0.400000 0.172396 0.324074
0 0.574219 0.394444 0.174479 0.342593
1 0.258594 0.374537 0.106771 0.289815
1 0.720833 0.378704 0.119792 0.314815
2 0.835938 0.388889 0.110417 0.355556
2 0.166667 0.404630 0.080208 0.338889
3 0.927865 0.400000 0.072396 0.309259
3 0.103385 0.416667 0.047396 0.285185
0 0.435156 0.609722 0.100521 0.197222
0 0.542708 0.641667 0.113542 0.164815
1 0.656510 0.609259 0.109896 0.270370
1 0.335417 0.624074 0.095833 0.238889
2 0.768229 0.606481 0.103125 0.388889
2 0.233854 0.654630 0.106250 0.309259
3 0.865885 0.633796 0.088021 0.260185
3 0.157292 0.643519 0.072917 0.229630
4 0.937500 0.630556 0.067708 0.212963
4 0.101042 0.637500 0.043750 0.165741
