0 0.417448 0.387963 0.164062 0.312963
0 0.587500 0.391204 0.172917 0.319444
1 0.285156 0.378241 0.104688 0.287963
1 0.731771 0.369444 0.115625 0.307407
2 0.842187 0.373148 0.103125 0.337037
2 0.191667 0.402778 0.083333 0.320370
0 0.457813 0.612037 0.101042 0.153704
0 0.563281 0.622222 0.104688 0.161111
1 0.358333 0.606944 0.101042 0.237963
1 0.672396 0.591204 0.111458 0.258333
2 0.258333 0.616667 0.095833 0.337037
2 0.783854 0.581944 0.104167 0.362037
3 0.873437 0.607870 0.084375 0.262037
4 0.943750 0.607870 0.069792 0.225000
