0 0.415885 0.408333 0.166146 0.307407
0 0.587760 0.406019 0.174479 0.312037
1 0.283594 0.384722 0.103646 0.286111
1 0.730469 0.381481 0.113021 0.303704
2 0.191406 0.426389 0.077604 0.319444
2 0.842187 0.386574 0.108333 0.336111
3 0.929948 0.408796 0.070312 0.275000
0 0.462500 0.782407 0.104167 0.277778
0 0.567969 0.786111 0.109896 0.272222
1 0.360938 0.793981 0.101042 0.299074
1 0.678125 0.788889 0.107292 0.296296
2 0.782031 0.787963 0.106771 0.372222
2 0.265104 0.803241 0.087500 0.349074
3 0.873698 0.776389 0.094271 0.306481
3 0.196615 0.792593 0.078646 0.279630
4 0.938281 0.768056 0.080729 0.254630
4 0.148177 0.787037 0.074479 0.222222
