0 0.569531 0.397222 0.173437 0.335185
0 0.396354 0.400926 0.169792 0.312963
1 0.718229 0.382407 0.119792 0.314815
1 0.258854 0.378241 0.108333 0.289815
2 0.833333 0.387500 0.109375 0.347222
2 0.165365 0.401389 0.079687 0.328704
3 0.923177 0.400926 0.073438 0.300000
3 0.102344 0.420370 0.046354 0.274074
0 0.434115 0.615278 0.101562 0.212037
0 0.540885 0.648148 0.117188 0.166667
1 0.657552 0.612963 0.115104 0.262963
1 0.333594 0.625000 0.095312 0.242593
2 0.770052 0.600463 0.101562 0.395370
2 0.232552 0.648148 0.105729 0.312963
3 0.863802 0.638889 0.084896 0.248148
3 0.158594 0.639815 0.076563 0.224074
4 0.934896 0.627778 0.069792 0.229630
4 0.100781 0.634259 0.048438 0.159259
