0 0.418750 0.327315 0.182292 0.326852
0 0.597656 0.322222 0.175521 0.346296
1 0.269010 0.308333 0.116146 0.298148
1 0.747656 0.305093 0.122396 0.315741
2 0.163281 0.355556 0.096354 0.340741
2 0.857812 0.321759 0.097917 0.352778
3 0.085156 0.381944 0.064062 0.293519
3 0.941146 0.347685 0.065625 0.302778
0 0.496875 0.771759 0.113542 0.289815
0 0.610417 0.774537 0.112500 0.289815
1 0.386198 0.791667 0.104688 0.311111
1 0.723437 0.779630 0.111458 0.309259
2 0.278385 0.807870 0.103646 0.384259
3 0.191146 0.803241 0.090625 0.304630
4 0.127344 0.800463 0.077604 0.237963
5 0.055729 0.812963 0.092708 0.209259
