0 0.474646 0.632292 0.104953 0.185417
0 0.580778 0.632292 0.104953 0.197917
1 0.663915 0.612500 0.063679 0.162500
1 0.392099 0.615625 0.064858 0.152083
2 0.719929 0.627083 0.045991 0.154167
2 0.324292 0.632292 0.068396 0.156250
0 0.508255 0.818750 0.070755 0.187500
0 0.581368 0.820833 0.070755 0.179167
1 0.640920 0.814583 0.069575 0.200000
1 0.437500 0.826042 0.070755 0.202083
2 0.699292 0.827083 0.051887 0.175000
2 0.373231 0.811458 0.050708 0.172917
3 0.731132 0.787500 0.044811 0.141667
3 0.326651 0.785417 0.056604 0.145833
4 0.285377 0.764583 0.042453 0.112500
