0 0.412760 0.427315 0.168229 0.312037
0 0.583854 0.412500 0.169792 0.330556
1 0.722917 0.376852 0.107292 0.307407
1 0.273958 0.413889 0.111458 0.285185
2 0.824740 0.363889 0.093229 0.353704
3 0.903385 0.377778 0.060937 0.283333
0 0.469531 0.812500 0.106771 0.267593
0 0.575000 0.812037 0.104167 0.277778
1 0.683333 0.808333 0.106250 0.296296
1 0.367708 0.836574 0.098958 0.299074
2 0.785156 0.794907 0.095312 0.369444
3 0.865104 0.773611 0.080208 0.300926
4 0.923958 0.750000 0.069792 0.242593
3 0.187500 0.842130 0.081250 0.280556
4 0.126562 0.838426 0.067708 0.230556
5 0.058073 0.837037 0.081771 0.200000
