0 0.294222 0.459375 0.074292 0.147917
0 0.377948 0.469792 0.090802 0.160417
0 0.293632 0.588542 0.049528 0.139583
0 0.345519 0.611458 0.054245 0.152083
1 0.400354 0.619792 0.064858 0.152083
1 0.456368 0.466667 0.068396 0.141667
1 0.244693 0.578125 0.041274 0.147917
2 0.521226 0.483333 0.066038 0.150000
2 0.452241 0.650000 0.055425 0.162500
2 0.212264 0.562500 0.030660 0.137500
3 0.571934 0.503125 0.037736 0.118750
3 0.505307 0.631250 0.057783 0.137500
4 0.604363 0.498958 0.024764 0.102083
4 0.543632 0.611458 0.047170 0.106250
5 0.629717 0.498958 0.028302 0.081250
5 0.580189 0.601042 0.042453 0.085417
6 0.602594 0.592708 0.030660 0.081250
7 0.627948 0.573958 0.034198 0.072917
