0 0.394792 0.398611 0.170833 0.317593
0 0.566927 0.388889 0.173437 0.344444
1 0.255990 0.371296 0.107813 0.298148
1 0.715885 0.375463 0.122396 0.319444
2 0.161719 0.395833 0.077604 0.345370
2 0.833333 0.380556 0.109375 0.362963
3 0.098958 0.414815 0.044792 0.281481
3 0.925521 0.390278 0.072917 0.302778
0 0.434115 0.606481 0.097396 0.211111
0 0.542448 0.637500 0.109896 0.158333
1 0.654687 0.608796 0.110417 0.263889
1 0.331771 0.615278 0.098958 0.249074
2 0.764323 0.603241 0.108854 0.382407
2 0.230990 0.652778 0.103646 0.292593
3 0.862760 0.635185 0.085938 0.237037
3 0.155208 0.639815 0.069792 0.209259
4 0.936979 0.625926 0.061458 0.214815
4 0.097917 0.636574 0.045833 0.162037
