0 0.297170 0.455208 0.084906 0.147917
0 0.383255 0.467708 0.084906 0.160417
0 0.295401 0.594792 0.053066 0.139583
0 0.347288 0.607292 0.050708 0.152083
1 0.457547 0.465625 0.066038 0.131250
1 0.401533 0.618750 0.062500 0.150000
1 0.246462 0.576042 0.049528 0.147917
2 0.208726 0.568750 0.033019 0.133333
2 0.521816 0.481250 0.064858 0.150000
2 0.455778 0.651042 0.055425 0.160417
3 0.508255 0.630208 0.051887 0.131250
3 0.573703 0.505208 0.041274 0.118750
4 0.547759 0.609375 0.045991 0.097917
4 0.605542 0.512500 0.027123 0.075000
5 0.580189 0.598958 0.037736 0.089583
5 0.626179 0.496875 0.028302 0.081250
6 0.606722 0.591667 0.027123 0.075000
7 0.627358 0.569792 0.033019 0.077083
