0 0.527123 0.546875 0.075472 0.152083
0 0.603184 0.547917 0.076651 0.162500
0 0.551297 0.683333 0.045991 0.120833
0 0.601415 0.684375 0.054245 0.122917
1 0.660377 0.554167 0.042453 0.104167
1 0.466392 0.543750 0.048349 0.112500
1 0.502358 0.683333 0.051887 0.129167
1 0.645047 0.683333 0.047170 0.108333
2 0.681014 0.694792 0.038915 0.106250
2 0.698703 0.561458 0.034198 0.127083
2 0.415684 0.552083 0.053066 0.120833
2 0.451651 0.686458 0.040094 0.122917
3 0.702830 0.686458 0.042453 0.102083
3 0.382665 0.556250 0.027123 0.104167
3 0.413325 0.668750 0.038915 0.100000
4 0.382075 0.661458 0.035377 0.089583
5 0.354953 0.654167 0.030660 0.070833
3 0.724057 0.576042 0.023585 0.097917
