0 0.307783 0.493750 0.080189 0.154167
0 0.390330 0.509375 0.089623 0.168750
0 0.307783 0.637500 0.051887 0.145833
0 0.356722 0.640625 0.050708 0.156250
1 0.410967 0.651042 0.064858 0.156250
1 0.466981 0.508333 0.063679 0.137500
1 0.260613 0.617708 0.044811 0.152083
2 0.527712 0.521875 0.060142 0.152083
2 0.464033 0.684375 0.053066 0.152083
2 0.225825 0.600000 0.031840 0.141667
3 0.581368 0.538542 0.047170 0.114583
3 0.515330 0.665625 0.049528 0.131250
4 0.557193 0.646875 0.045991 0.093750
4 0.608491 0.539583 0.025943 0.091667
5 0.635024 0.530208 0.029481 0.085417
5 0.589033 0.637500 0.038915 0.079167
6 0.612618 0.627083 0.024764 0.079167
7 0.631486 0.600000 0.031840 0.066667
