0 0.412760 0.429630 0.172396 0.312963
0 0.584375 0.415278 0.169792 0.326852
1 0.272917 0.417130 0.107292 0.280556
1 0.723177 0.379167 0.111979 0.306481
2 0.824740 0.367593 0.091146 0.346296
3 0.904167 0.385648 0.065625 0.275000
0 0.471354 0.807407 0.107292 0.266667
0 0.577604 0.808333 0.102083 0.268519
1 0.682552 0.804167 0.109896 0.293519
1 0.367708 0.836111 0.100000 0.300000
2 0.785156 0.794444 0.098437 0.359259
3 0.866927 0.770370 0.085938 0.296296
4 0.921354 0.750000 0.076042 0.238889
3 0.188281 0.837963 0.085938 0.272222
4 0.124479 0.843981 0.065625 0.230556
5 0.060937 0.838889 0.090625 0.203704
