0 0.395573 0.394444 0.168229 0.314815
0 0.568490 0.396759 0.176563 0.339815
1 0.256250 0.373611 0.111458 0.287963
1 0.716927 0.378241 0.122396 0.317593
2 0.160156 0.399074 0.079687 0.344444
2 0.832552 0.381019 0.110937 0.343519
3 0.925521 0.397222 0.073958 0.307407
3 0.098698 0.409722 0.044271 0.286111
0 0.437240 0.630556 0.099479 0.162963
0 0.543490 0.642130 0.110937 0.154630
1 0.653385 0.621296 0.111979 0.253704
1 0.332552 0.619444 0.096354 0.237037
2 0.764062 0.610648 0.109375 0.369444
2 0.233854 0.643056 0.102083 0.312037
3 0.862760 0.636111 0.083854 0.235185
3 0.154948 0.636111 0.078646 0.237037
4 0.936458 0.625463 0.061458 0.213889
4 0.097917 0.629167 0.054167 0.167593
