0 0.298349 0.467708 0.075472 0.156250
0 0.383255 0.482292 0.089623 0.160417
0 0.293632 0.600000 0.051887 0.133333
0 0.344929 0.612500 0.055425 0.145833
1 0.458137 0.472917 0.064858 0.141667
1 0.403302 0.629167 0.063679 0.154167
1 0.247642 0.579167 0.047170 0.150000
2 0.520637 0.493750 0.064858 0.154167
2 0.211085 0.569792 0.028302 0.118750
2 0.458137 0.653125 0.055425 0.164583
3 0.577830 0.510417 0.042453 0.108333
3 0.505307 0.633333 0.053066 0.129167
4 0.602005 0.521875 0.024764 0.081250
4 0.545991 0.611458 0.044811 0.106250
5 0.629717 0.504167 0.030660 0.083333
5 0.579009 0.606250 0.040094 0.079167
6 0.604953 0.596875 0.028302 0.077083
7 0.628538 0.572917 0.030660 0.070833
