0 0.413542 0.328704 0.179167 0.329630
0 0.590885 0.323148 0.180729 0.351852
1 0.265365 0.313426 0.114062 0.297222
1 0.742188 0.312037 0.120833 0.318519
2 0.158333 0.356481 0.095833 0.344444
2 0.852083 0.323148 0.098958 0.359259
3 0.079167 0.381019 0.061458 0.302778
3 0.935937 0.350926 0.065625 0.309259
0 0.490365 0.783796 0.107813 0.284259
0 0.600521 0.787963 0.109375 0.292593
1 0.381250 0.804167 0.107292 0.319444
2 0.273438 0.813889 0.104167 0.372222
3 0.185156 0.815741 0.088021 0.300000
4 0.118750 0.814352 0.077083 0.241667
5 0.052344 0.818981 0.093229 0.212037
