0 0.560731 0.650000 0.100236 0.200000
0 0.663915 0.661458 0.099057 0.185417
0 0.596698 0.836458 0.063679 0.181250
0 0.661557 0.838542 0.066038 0.177083
1 0.739976 0.650000 0.055425 0.145833
1 0.479953 0.641667 0.068396 0.154167
1 0.528302 0.835417 0.070755 0.208333
1 0.721108 0.836458 0.055425 0.177083
2 0.771226 0.848958 0.047170 0.181250
2 0.462854 0.829167 0.055425 0.179167
2 0.787146 0.656250 0.048349 0.150000
2 0.413915 0.653125 0.063679 0.147917
3 0.412146 0.801042 0.055425 0.143750
3 0.790094 0.803125 0.047170 0.143750
4 0.375590 0.775000 0.048349 0.112500
