0 0.406771 0.395370 0.163542 0.305556
0 0.575781 0.398148 0.168229 0.305556
1 0.273958 0.377315 0.102083 0.291667
1 0.718490 0.373148 0.116146 0.305556
2 0.181771 0.409722 0.085417 0.325000
2 0.827344 0.372685 0.105729 0.336111
3 0.919531 0.392593 0.075521 0.279630
0 0.453385 0.675000 0.104688 0.266667
0 0.563802 0.682407 0.108854 0.272222
1 0.355990 0.689352 0.096354 0.291667
1 0.674219 0.687037 0.107813 0.290741
2 0.259896 0.707407 0.092708 0.385185
2 0.778646 0.689815 0.102083 0.362963
3 0.189844 0.691204 0.076563 0.275000
3 0.865365 0.680093 0.089063 0.308333
4 0.142448 0.699537 0.065104 0.217593
4 0.936719 0.678241 0.077604 0.249074
