0 0.393229 0.397222 0.167708 0.316667
0 0.567187 0.392130 0.175000 0.337963
1 0.717969 0.373148 0.122396 0.314815
1 0.257552 0.375463 0.111979 0.289815
2 0.835938 0.375926 0.113542 0.353704
2 0.164323 0.395833 0.079687 0.339815
3 0.101562 0.418056 0.048958 0.275000
3 0.924219 0.394907 0.072396 0.299074
0 0.433594 0.615278 0.093229 0.182407
0 0.541406 0.642593 0.110937 0.161111
1 0.655990 0.617130 0.114062 0.245370
1 0.333594 0.611111 0.100521 0.253704
2 0.767448 0.609722 0.103646 0.362037
2 0.232552 0.648148 0.103646 0.294444
3 0.861198 0.634259 0.089063 0.246296
3 0.154688 0.638426 0.070833 0.223148
4 0.937240 0.625000 0.061979 0.203704
4 0.097396 0.632407 0.046875 0.153704
