0 0.404948 0.456481 0.171354 0.307407
0 0.573177 0.444444 0.165104 0.325926
1 0.714063 0.407870 0.114583 0.310185
1 0.264583 0.438426 0.107292 0.286111
2 0.820312 0.394907 0.096875 0.336111
2 0.170573 0.470833 0.082812 0.325000
3 0.903385 0.416667 0.070312 0.259259
0 0.442188 0.654167 0.098958 0.182407
0 0.544792 0.678704 0.105208 0.138889
1 0.654687 0.633796 0.111458 0.254630
1 0.344010 0.673148 0.102604 0.231481
2 0.761979 0.620833 0.098958 0.354630
2 0.241406 0.687963 0.093229 0.329630
3 0.847656 0.637037 0.082812 0.266667
3 0.164062 0.683796 0.069792 0.226852
4 0.912500 0.619444 0.063542 0.209259
4 0.106510 0.691204 0.047396 0.175000
5 0.048438 0.678704 0.065625 0.164815
