0 0.557783 0.539583 0.082547 0.170833
0 0.639151 0.542708 0.082547 0.177083
0 0.582547 0.692708 0.051887 0.139583
0 0.635613 0.696875 0.054245 0.139583
1 0.701651 0.546875 0.044811 0.131250
1 0.489976 0.537500 0.053066 0.125000
1 0.528302 0.689583 0.056604 0.141667
1 0.686910 0.690625 0.050708 0.135417
2 0.741156 0.553125 0.036557 0.139583
2 0.433962 0.543750 0.058962 0.150000
2 0.477005 0.691667 0.048349 0.150000
2 0.727594 0.702083 0.037736 0.116667
3 0.767689 0.569792 0.016509 0.110417
3 0.745283 0.693750 0.033019 0.116667
3 0.396226 0.556250 0.028302 0.125000
3 0.430425 0.670833 0.044811 0.108333
4 0.393868 0.661458 0.037736 0.089583
5 0.366156 0.654167 0.034198 0.083333
