0 0.413802 0.324074 0.176563 0.331481
0 0.595052 0.315741 0.179688 0.346296
1 0.266406 0.307870 0.121354 0.297222
1 0.744792 0.306944 0.118750 0.319444
2 0.157031 0.353704 0.094271 0.342593
2 0.855208 0.321296 0.098958 0.355556
3 0.082552 0.377778 0.058854 0.285185
3 0.938281 0.350463 0.061979 0.313889
0 0.492969 0.779630 0.114062 0.292593
1 0.380469 0.800926 0.110937 0.316667
2 0.824740 0.791204 0.105729 0.382407
2 0.273177 0.812037 0.104688 0.375926
3 0.185938 0.815741 0.086458 0.309259
3 0.908594 0.785648 0.088021 0.334259
4 0.120052 0.812500 0.077604 0.237963
5 0.053385 0.815278 0.094271 0.208333
