0 0.376179 0.541667 0.066038 0.133333
0 0.448703 0.545833 0.076651 0.154167
0 0.373231 0.658333 0.043632 0.133333
0 0.417453 0.673958 0.042453 0.139583
1 0.467571 0.680208 0.055425 0.139583
1 0.330189 0.645833 0.042453 0.133333
1 0.518278 0.552083 0.062500 0.116667
1 0.297170 0.629167 0.033019 0.108333
2 0.514151 0.710417 0.047170 0.150000
2 0.575472 0.558333 0.051887 0.137500
3 0.560731 0.694792 0.041274 0.131250
3 0.620283 0.569792 0.037736 0.118750
4 0.596108 0.672917 0.029481 0.104167
4 0.644458 0.576042 0.024764 0.085417
5 0.625000 0.663542 0.035377 0.081250
5 0.667453 0.570833 0.021226 0.083333
6 0.644458 0.656250 0.020047 0.066667
7 0.663325 0.632292 0.024764 0.068750
