0 0.418490 0.331481 0.178646 0.324074
0 0.598437 0.329167 0.178125 0.347222
1 0.270052 0.316204 0.119271 0.299074
1 0.747656 0.316204 0.120313 0.317593
2 0.161719 0.358333 0.094271 0.353704
2 0.857552 0.326389 0.099479 0.352778
3 0.085156 0.392593 0.061979 0.288889
3 0.939063 0.351852 0.063542 0.307407
0 0.494531 0.796759 0.116146 0.289815
1 0.381510 0.815278 0.107813 0.321296
2 0.273438 0.820833 0.104167 0.358333
2 0.827344 0.803704 0.102604 0.381481
3 0.189844 0.824537 0.090104 0.304630
4 0.123698 0.825926 0.078646 0.242593
5 0.051562 0.827778 0.095833 0.203704
