0 0.350236 0.553125 0.073113 0.135417
0 0.425708 0.560417 0.077830 0.162500
0 0.343160 0.673958 0.049528 0.147917
0 0.390330 0.692708 0.047170 0.147917
1 0.496462 0.559375 0.066038 0.127083
1 0.445165 0.694792 0.057783 0.139583
1 0.300118 0.661458 0.050708 0.143750
2 0.558373 0.561458 0.057783 0.147917
2 0.494104 0.723958 0.049528 0.160417
2 0.264741 0.644792 0.038915 0.122917
3 0.604953 0.580208 0.035377 0.122917
3 0.541863 0.701042 0.050708 0.122917
4 0.632665 0.579167 0.022406 0.087500
4 0.576651 0.686458 0.044811 0.102083
5 0.656250 0.571875 0.027123 0.081250
5 0.609080 0.675000 0.048349 0.079167
6 0.635613 0.664583 0.030660 0.083333
7 0.653302 0.643750 0.030660 0.075000
