0 0.553066 0.535417 0.077830 0.166667
0 0.633255 0.542708 0.084906 0.160417
0 0.576651 0.680208 0.044811 0.131250
0 0.626769 0.683333 0.060142 0.129167
1 0.692807 0.543750 0.045991 0.112500
1 0.485259 0.531250 0.053066 0.125000
1 0.525354 0.675000 0.057783 0.137500
1 0.676887 0.683333 0.049528 0.129167
2 0.731722 0.546875 0.038915 0.143750
2 0.431014 0.537500 0.060142 0.125000
2 0.471108 0.683333 0.043632 0.141667
2 0.718750 0.696875 0.038915 0.114583
3 0.734080 0.679167 0.036557 0.112500
3 0.760024 0.568750 0.027123 0.120833
3 0.393278 0.546875 0.020047 0.118750
3 0.429245 0.660417 0.047170 0.116667
4 0.393868 0.652083 0.042453 0.100000
5 0.363797 0.646875 0.029481 0.068750
