0 0.425260 0.399537 0.172396 0.308333
0 0.596875 0.400463 0.165625 0.319444
1 0.290365 0.387500 0.099479 0.286111
1 0.738542 0.377315 0.117708 0.306481
2 0.198437 0.412500 0.086458 0.313889
2 0.853646 0.378241 0.104167 0.345370
1 0.365885 0.615278 0.102604 0.232407
1 0.680990 0.590741 0.110937 0.277778
0 0.471354 0.609722 0.107292 0.191667
0 0.575000 0.636574 0.097917 0.149074
2 0.265104 0.639815 0.098958 0.303704
2 0.789583 0.595370 0.106250 0.368519
3 0.884115 0.612963 0.081771 0.270370
4 0.950781 0.618981 0.064062 0.219444
