0 0.413281 0.429630 0.169271 0.311111
0 0.583854 0.415278 0.169792 0.326852
1 0.274219 0.417130 0.108854 0.280556
1 0.724740 0.376852 0.111979 0.305556
2 0.828646 0.366667 0.090625 0.338889
3 0.904948 0.382407 0.060937 0.287037
0 0.468750 0.813889 0.105208 0.270370
0 0.576562 0.811574 0.104167 0.267593
1 0.686979 0.812037 0.107292 0.292593
1 0.366667 0.838426 0.097917 0.308333
2 0.788281 0.796296 0.104688 0.362963
3 0.866667 0.773611 0.086458 0.300926
4 0.923177 0.757870 0.074479 0.243519
3 0.189062 0.841204 0.082292 0.278704
4 0.128125 0.843056 0.069792 0.232407
5 0.060417 0.843981 0.092708 0.208333
