0 0.574292 0.665625 0.094340 0.177083
0 0.669811 0.669792 0.096698 0.193750
0 0.606132 0.837500 0.063679 0.175000
0 0.669222 0.845833 0.062500 0.170833
1 0.742925 0.662500 0.047170 0.145833
1 0.497052 0.654167 0.067217 0.154167
1 0.542453 0.838542 0.066038 0.177083
1 0.722877 0.843750 0.056604 0.166667
2 0.784788 0.676042 0.036557 0.131250
2 0.429835 0.665625 0.067217 0.156250
2 0.481722 0.836458 0.057783 0.181250
2 0.771226 0.852083 0.042453 0.158333
3 0.787736 0.819792 0.047170 0.135417
3 0.430425 0.806250 0.051887 0.125000
4 0.393278 0.786458 0.041274 0.110417
