0 0.414062 0.476389 0.165625 0.308333
0 0.583854 0.466204 0.173958 0.325000
1 0.726562 0.434259 0.108333 0.309259
1 0.277865 0.464352 0.103646 0.280556
2 0.833854 0.416667 0.101042 0.348148
2 0.180729 0.491667 0.086458 0.331481
3 0.915885 0.431019 0.061979 0.278704
0 0.455469 0.683796 0.100521 0.178704
0 0.560156 0.699074 0.098437 0.153704
1 0.666667 0.657407 0.108333 0.250000
2 0.772135 0.641204 0.099479 0.365741
1 0.354427 0.697222 0.099479 0.227778
2 0.253385 0.717593 0.099479 0.296296
3 0.858854 0.656019 0.082292 0.256481
3 0.177604 0.695833 0.069792 0.225000
4 0.923958 0.641667 0.069792 0.227778
4 0.117708 0.700926 0.054167 0.177778
5 0.055208 0.694444 0.072917 0.168519
