0 0.410156 0.420370 0.168229 0.309259
0 0.580208 0.402315 0.170833 0.325000
1 0.719010 0.372685 0.106771 0.304630
2 0.819792 0.354630 0.094792 0.338889
3 0.899479 0.372685 0.060417 0.278704
0 0.465885 0.792593 0.106771 0.262963
0 0.573438 0.791204 0.104167 0.273148
1 0.681771 0.787037 0.109375 0.290741
1 0.360417 0.816667 0.102083 0.294444
2 0.780729 0.777778 0.096875 0.366667
3 0.859115 0.752315 0.085938 0.297222
4 0.915885 0.741204 0.076563 0.247222
3 0.183594 0.822222 0.088021 0.279630
4 0.122917 0.823148 0.066667 0.224074
5 0.059896 0.818056 0.094792 0.195370
