0 0.527123 0.552083 0.075472 0.145833
0 0.602594 0.553125 0.077830 0.156250
0 0.553656 0.684375 0.048349 0.122917
0 0.603184 0.689583 0.048349 0.133333
1 0.662146 0.555208 0.041274 0.114583
1 0.465802 0.544792 0.049528 0.110417
1 0.503538 0.681250 0.054245 0.129167
1 0.646816 0.685417 0.043632 0.112500
2 0.699882 0.562500 0.034198 0.133333
2 0.416274 0.551042 0.056604 0.131250
2 0.454009 0.684375 0.042453 0.114583
2 0.683373 0.701042 0.031840 0.097917
3 0.703420 0.683333 0.036557 0.108333
3 0.724057 0.576042 0.023585 0.110417
3 0.380896 0.558333 0.025943 0.108333
3 0.415684 0.668750 0.045991 0.112500
4 0.383255 0.657292 0.035377 0.102083
5 0.357901 0.653125 0.031840 0.072917
