0 0.499410 0.640625 0.104953 0.189583
0 0.607311 0.636458 0.108491 0.202083
1 0.692217 0.622917 0.056604 0.158333
1 0.415684 0.621875 0.067217 0.160417
2 0.742925 0.626042 0.047170 0.172917
2 0.344929 0.635417 0.079009 0.166667
0 0.534788 0.830208 0.071934 0.181250
0 0.605542 0.835417 0.071934 0.195833
1 0.669811 0.832292 0.066038 0.189583
1 0.461675 0.831250 0.079009 0.200000
2 0.725825 0.839583 0.050708 0.183333
2 0.396226 0.823958 0.054245 0.168750
3 0.752358 0.796875 0.051887 0.152083
3 0.344340 0.790625 0.056604 0.143750
4 0.307783 0.777083 0.049528 0.116667
