0 0.500000 0.645833 0.106132 0.187500
0 0.610259 0.656250 0.112028 0.195833
1 0.693986 0.629167 0.064858 0.166667
1 0.413325 0.631250 0.064858 0.158333
2 0.745873 0.641667 0.045991 0.166667
2 0.341981 0.650000 0.073113 0.150000
0 0.533608 0.837500 0.067217 0.191667
0 0.604363 0.843750 0.074292 0.195833
1 0.671580 0.834375 0.067217 0.189583
1 0.462854 0.843750 0.074292 0.208333
2 0.729953 0.846875 0.051887 0.181250
2 0.393868 0.831250 0.056604 0.183333
3 0.755896 0.800000 0.058962 0.145833
3 0.343750 0.802083 0.057783 0.154167
4 0.301297 0.778125 0.045991 0.114583
