0 0.411979 0.322685 0.182292 0.323148
0 0.592448 0.319444 0.175521 0.335185
1 0.264844 0.304630 0.117188 0.305556
1 0.741927 0.300463 0.118229 0.319444
2 0.158333 0.344907 0.094792 0.354630
2 0.852083 0.313889 0.102083 0.357407
3 0.081771 0.378241 0.061458 0.284259
3 0.936719 0.343981 0.060937 0.304630
0 0.489323 0.776852 0.111979 0.287037
0 0.603906 0.784722 0.119271 0.304630
1 0.379167 0.796296 0.108333 0.320370
2 0.826042 0.788426 0.107292 0.389815
2 0.271354 0.809722 0.104167 0.371296
3 0.183854 0.809722 0.087500 0.323148
3 0.910937 0.784259 0.086458 0.331481
4 0.117448 0.809259 0.072396 0.244444
5 0.054688 0.806944 0.093750 0.208333
