0 0.561321 0.527083 0.087264 0.170833
0 0.646816 0.527083 0.083726 0.179167
0 0.591392 0.677083 0.050708 0.137500
0 0.643868 0.680208 0.056604 0.127083
1 0.708726 0.525000 0.042453 0.137500
1 0.488797 0.522917 0.064858 0.129167
1 0.535377 0.672917 0.063679 0.150000
1 0.695165 0.670833 0.045991 0.129167
2 0.749410 0.539583 0.036557 0.137500
2 0.732901 0.685417 0.041274 0.116667
2 0.434552 0.529167 0.057783 0.145833
2 0.477594 0.678125 0.049528 0.147917
3 0.431604 0.657292 0.051887 0.118750
3 0.396226 0.532292 0.028302 0.122917
3 0.776533 0.557292 0.020047 0.114583
3 0.754127 0.680208 0.038915 0.122917
4 0.395047 0.650000 0.042453 0.104167
5 0.367335 0.644792 0.034198 0.077083
