0 0.547759 0.539583 0.081368 0.158333
0 0.629127 0.542708 0.079009 0.164583
0 0.573703 0.677083 0.053066 0.129167
0 0.624410 0.685417 0.053066 0.133333
1 0.685142 0.538542 0.042453 0.122917
1 0.484670 0.529167 0.049528 0.125000
1 0.520047 0.677083 0.056604 0.141667
1 0.674528 0.682292 0.049528 0.118750
2 0.725236 0.545833 0.035377 0.141667
2 0.428656 0.538542 0.060142 0.131250
2 0.468750 0.678125 0.043632 0.139583
2 0.713443 0.691667 0.033019 0.125000
3 0.731132 0.687500 0.037736 0.116667
3 0.390330 0.542708 0.030660 0.118750
3 0.426887 0.666667 0.051887 0.104167
3 0.752948 0.564583 0.024764 0.108333
4 0.390330 0.660417 0.035377 0.091667
5 0.363797 0.648958 0.029481 0.089583
