0 0.558962 0.535417 0.084906 0.166667
0 0.645637 0.536458 0.083726 0.172917
0 0.584316 0.686458 0.053066 0.143750
0 0.638561 0.688542 0.060142 0.131250
1 0.705778 0.539583 0.041274 0.120833
1 0.492335 0.528125 0.055425 0.131250
1 0.527712 0.679167 0.055425 0.145833
1 0.688679 0.680208 0.047170 0.127083
2 0.745873 0.546875 0.041274 0.139583
2 0.435142 0.538542 0.058962 0.135417
2 0.728184 0.696875 0.036557 0.118750
2 0.475825 0.680208 0.050708 0.135417
3 0.750590 0.681250 0.038915 0.112500
3 0.770637 0.566667 0.022406 0.112500
3 0.396816 0.547917 0.027123 0.120833
3 0.431604 0.666667 0.051887 0.116667
4 0.395637 0.657292 0.041274 0.106250
5 0.366156 0.654167 0.043632 0.070833
