0 0.440625 0.432407 0.171875 0.312963
0 0.612500 0.420370 0.172917 0.325926
1 0.299219 0.419907 0.114062 0.280556
1 0.750260 0.385185 0.110937 0.301852
2 0.851302 0.369444 0.086979 0.338889
3 0.925781 0.386111 0.055729 0.277778
0 0.497917 0.818981 0.107292 0.269444
0 0.605208 0.816667 0.107292 0.270370
1 0.394531 0.841667 0.100521 0.298148
1 0.712500 0.813426 0.110417 0.286111
2 0.813021 0.797685 0.101042 0.358333
3 0.213021 0.843981 0.084375 0.278704
4 0.151042 0.845370 0.070833 0.227778
5 0.082812 0.838889 0.094792 0.192593
