0 0.502948 0.644792 0.109670 0.189583
0 0.610849 0.641667 0.106132 0.200000
1 0.689858 0.618750 0.063679 0.166667
1 0.413915 0.626042 0.068396 0.160417
2 0.743514 0.634375 0.045991 0.143750
2 0.343160 0.637500 0.077830 0.158333
0 0.534788 0.827083 0.067217 0.187500
0 0.604363 0.833333 0.074292 0.195833
1 0.669811 0.832292 0.066038 0.193750
1 0.462264 0.832292 0.077830 0.202083
2 0.728184 0.834375 0.048349 0.185417
2 0.398585 0.822917 0.061321 0.183333
3 0.754717 0.793750 0.049528 0.141667
3 0.346698 0.789583 0.056604 0.141667
4 0.310142 0.775000 0.042453 0.125000
